Frames#,score_overall,nose_score,nose_x,nose_y,leftEye_score,leftEye_x,leftEye_y,rightEye_score,rightEye_x,rightEye_y,leftEar_score,leftEar_x,leftEar_y,rightEar_score,rightEar_x,rightEar_y,leftShoulder_score,leftShoulder_x,leftShoulder_y,rightShoulder_score,rightShoulder_x,rightShoulder_y,leftElbow_score,leftElbow_x,leftElbow_y,rightElbow_score,rightElbow_x,rightElbow_y,leftWrist_score,leftWrist_x,leftWrist_y,rightWrist_score,rightWrist_x,rightWrist_y,leftHip_score,leftHip_x,leftHip_y,rightHip_score,rightHip_x,rightHip_y,leftKnee_score,leftKnee_x,leftKnee_y,rightKnee_score,rightKnee_x,rightKnee_y,leftAnkle_score,leftAnkle_x,leftAnkle_y,rightAnkle_score,rightAnkle_x,rightAnkle_y
0,0.7776983730933246,0.9998810291290283,515.768594920412,707.5754915730338,0.9999700784683228,582.8789940308989,663.8581168071162,0.9997352361679077,487.9560217696629,662.4799566947565,0.9995844960212708,640.9159936797753,698.1255120552435,0.9985185861587524,419.4363734784645,698.7014279026217,0.9531200528144836,721.2735545411986,954.8881525046817,0.97843337059021,284.54134480337086,957.6315981975656,0.9792110919952393,814.9138284176031,1271.1045763108614,0.9187924861907959,213.80244908707868,1278.1418246722847,0.9968663454055786,813.8038389513108,1533.8654318820224,0.9986014366149902,247.20344686329588,1544.9327013108614,0.6802626252174377,634.9563290028091,1520.841965121723,0.8018046617507935,395.08405021067415,1523.8123244382023,0.35130876302719116,413.587897940075,1897.0451486423221,0.5073976516723633,388.64634538857683,1890.480015215356,0.043795377016067505,235.56165145131092,1418.3402095037454,0.013589054346084595,423.0863032537453,1925.3196687734082
1,0.7821191707078148,0.9998784065246582,516.2583391853933,707.2171992041199,0.9999697208404541,582.6648817883895,663.7105717462547,0.9996980428695679,488.406410931648,662.6041666666667,0.999557375907898,640.0697126638577,699.9725684691011,0.9986017942428589,419.0390917602997,697.3290466994382,0.9538178443908691,718.838366104869,955.3591701779027,0.9819060564041138,283.60026041666674,956.4081519194757,0.9818414449691772,815.8456226591761,1271.2064021535582,0.9290715456008911,211.433754681648,1272.5095095973784,0.9962130784988403,807.4386996722847,1524.0240227059926,0.9981381893157959,250.27241338951308,1546.4777914325844,0.7015664577484131,644.3331577715355,1517.2283181179776,0.8260717988014221,396.8304511938203,1551.2273232677903,0.3067440986633301,409.35971149344573,1935.4741631554307,0.510212779045105,394.37668246722853,1889.8460908239701,0.09590253233909607,229.70183754681648,1417.9849894662923,0.016834735870361328,410.85059691011236,1928.9862769194758
2,0.7807143576004926,0.9998788833618164,516.6297986891386,707.1291257022472,0.9999685287475586,582.6335732677903,663.6361042837079,0.9996892213821411,488.8001814138577,662.7832397003746,0.9995427131652832,639.9817123127341,700.1173338014981,0.9986401796340942,419.32489173689146,698.113442181648,0.9526762366294861,722.7998449204119,955.4257373595506,0.9813138246536255,284.3374736657304,955.9058257256555,0.9787344336509705,814.5512933052435,1266.751960440075,0.9263492822647095,212.20044768258424,1274.2570809925094,0.9959714412689209,805.4058403558054,1522.99142673221,0.9981168508529663,250.1670763108615,1546.1351533239701,0.7316129207611084,645.3460761938202,1565.6473841292136,0.7877455949783325,387.9309310627341,1547.3842755149813,0.2965599298477173,410.7069288389513,1935.805243445693,0.5195636749267578,390.8849046114233,1893.8415847378278,0.09512186050415039,229.2728815543071,1415.7161458333335,0.010658502578735352,365.65491865636704,1959.6693586142324
3,0.7867845121551963,0.9998824596405029,516.8159673455057,707.2725743211611,0.9999667406082153,582.8042339653558,663.6720213014981,0.9996776580810547,489.0932233146068,663.1285843867041,0.9994492530822754,640.5335615636704,700.9361101357678,0.9985957145690918,419.95076954588023,698.9267322097379,0.9592316150665283,720.7644253277153,955.8688845973783,0.9820196628570557,285.50217989232215,954.9061475889514,0.9815365076065063,813.6035522003747,1263.6333977059926,0.935382604598999,212.8156454822098,1277.054073033708,0.9951924085617065,804.1752984550562,1521.7629330524346,0.9980087876319885,251.69841409176036,1546.0564431179776,0.7064163088798523,646.8642468398878,1559.5258368445693,0.8019168972969055,393.8053019662922,1546.8597846441949,0.3680169880390167,393.1695488061798,1883.0758426966293,0.5693477392196655,389.828754096442,1889.5742626404494,0.06444361805915833,229.38516795411988,1415.859375,0.016251742839813232,408.9245376872659,1931.1424683988764
4,0.7646277546882629,0.9998735785484314,516.1652182818352,706.9730220037453,0.999970018863678,582.2181501638577,663.4622981039327,0.9996988773345947,488.77867509363296,662.4549391385768,0.9995561242103577,640.119455173221,700.044841409176,0.9986925721168518,419.2645423689139,697.464302434457,0.9482028484344482,724.7705261001872,955.0346003043071,0.9801813364028931,285.08726884363296,955.0915115870787,0.9808957576751709,814.5926966292136,1260.9089712078653,0.9220359325408936,209.20485135767797,1271.580787687266,0.9950881600379944,806.0771447799625,1523.34767088015,0.9980438947677612,250.73618913857683,1546.0122600655432,0.704203724861145,649.9513547518727,1556.2321512172284,0.7913894057273865,391.86139396067415,1547.748127340824,0.1995389759540558,408.7333947799626,1938.0656015917605,0.4083513915538788,388.8703329822098,1901.0046523876406,0.06137114763259888,230.66874414794006,1417.843515917603,0.011578083038330078,365.5523613061798,1959.25547167603
5,0.7774820818620569,0.9998704195022583,515.974148525281,706.9054307116105,0.9999698996543884,582.1835498595506,663.2367011938203,0.9996820688247681,488.9645511470038,662.2647471910112,0.9995584487915039,640.1610047986892,699.1466965121723,0.9986274242401123,419.43022881554305,697.8680945692884,0.9513758420944214,698.8584825608614,957.3367275280899,0.9793732166290283,283.89425327715355,954.3142848782771,0.9761596322059631,814.2563494850187,1263.792427434457,0.920910656452179,209.0746430243446,1271.071951076779,0.9961014986038208,806.0784614934457,1523.6407127808989,0.9976001977920532,252.91586200842698,1543.9147354868915,0.7176419496536255,481.67376228932585,1552.1823794475656,0.7822193503379822,388.87179599719104,1549.4638050093633,0.24614211916923523,409.72546523876406,1936.848519428839,0.5409989356994629,384.49101708801504,1893.5255735018727,0.09570589661598206,227.6296962780899,1412.9817708333335,0.015257835388183594,365.96163974719104,1956.060246956929
6,0.7700740502161139,0.9998623728752136,516.205085440075,706.7957777387641,0.999966561794281,582.0938670411986,662.9536077949439,0.9996577501296997,489.34888518258435,661.6420148642322,0.9995365738868713,641.1667544475656,698.5325959737828,0.9985548257827759,419.84521301498125,697.8386148174158,0.9574112892150879,726.3747220271537,952.745859667603,0.983519434928894,285.17534234550567,953.0564577481274,0.976620078086853,816.1753862359551,1260.3581460674159,0.9556727409362793,212.00645189606746,1268.2794943820224,0.9958543181419373,810.3634129213483,1523.610867275281,0.9968418478965759,253.6446629213483,1542.835323033708,0.7397198677062988,648.7519750702247,1518.5701954588017,0.7265644073486328,374.79620201310865,1542.1996430243446,0.23399367928504944,417.05985194288394,1939.1537921348315,0.437688946723938,379.3765361657304,1900.792515215356,0.07869073748588562,228.26405957397003,1410.652650983146,0.011103421449661255,368.2914911048689,1960.7906132958801
7,0.7822257280349731,0.9998508095741272,516.5964419475656,706.654377340824,0.9999678730964661,582.0049157303371,661.7017058754682,0.9996242523193359,489.3079939138577,660.6035668305244,0.9995702505111694,642.6144077715355,697.4397969335206,0.9983144998550415,421.07948560393265,698.3740783005618,0.9592238664627075,722.4754944990636,949.2186036985019,0.9846593141555786,282.5674449906368,952.941025866105,0.9872159361839294,816.9725830992509,1264.5015507958801,0.9673036932945251,214.5145716292135,1269.2006086142324,0.9962067604064941,812.5624707397005,1520.028528792135,0.9974216222763062,251.6376989700375,1543.7731156367042,0.7443814277648926,650.3650953885767,1566.6766151685395,0.7628916501998901,386.52299859550567,1543.8284176029963,0.3187316656112671,411.0911897237828,1931.7990695224719,0.4955497086048126,382.95741163389516,1900.7828593164795,0.07557320594787598,230.54036458333337,1415.586815308989,0.011350840330123901,370.0352586610487,1955.8254330524346
8,0.7783839755198535,0.9998383522033691,514.7648203417604,706.4965180243446,0.9999711513519287,581.3033268960675,661.5829090589888,0.9996646642684937,488.52923103932585,660.2937734082398,0.9995772838592529,642.1477791432585,695.8437938904494,0.9988254308700562,419.1476474719101,697.5912189840824,0.9583317041397095,726.260387406367,950.1108965355805,0.9839874505996704,285.44329353932585,952.9456343632959,0.9842057228088379,825.2288155430713,1243.2272647471912,0.9671167135238647,217.84534468632955,1273.7887698970037,0.9961651563644409,811.7746371722847,1519.2999473314608,0.9979367256164551,248.85094803370794,1544.1077071629213,0.718358039855957,655.0533268960673,1555.8816128277153,0.7269196510314941,372.6363529962547,1519.826632724719,0.26651865243911743,410.5129330524345,1937.1971558988764,0.5791487097740173,379.28648759363296,1894.2120201310863,0.04388412833213806,228.2521360018727,1411.540554775281,0.012078046798706055,385.05778909176036,1948.198297050562
9,0.7825295609586379,0.99981689453125,514.0331665496255,706.124765917603,0.9999727010726929,580.9114583333334,660.9105805243446,0.9996891617774963,487.90357268258435,660.0599836142322,0.9996247291564941,642.2136879681648,695.2411048689139,0.9988561868667603,418.8192006086142,697.9908415262172,0.9664098024368286,720.9881934691011,948.9603084035581,0.9847279191017151,285.3093545177903,952.9368562734082,0.9819245934486389,824.1199964887642,1244.542661516854,0.9533543586730957,217.63627984550567,1272.7419826779026,0.996418297290802,813.9128335674159,1518.0291725187267,0.9984289407730103,244.3676849250936,1544.3352059925094,0.7215006947517395,647.6491543773409,1511.3812324438202,0.7832191586494446,378.38388050093636,1526.1914794007491,0.31158000230789185,402.4957572565544,1935.5821336610488,0.5221250653266907,379.6112769194757,1894.3511528558054,0.07055723667144775,224.5373215121723,1414.155547752809,0.014796793460845947,388.31116865636704,1945.749063670412
10,0.785921911982929,0.9998074769973755,513.6153294709738,705.5119089419476,0.9999735355377197,580.705319522472,660.3026246488764,0.9997060298919678,487.37337605337086,659.8516502808989,0.9995788335800171,640.5222963483147,695.4092052902622,0.998879075050354,418.5838746488764,698.167500585206,0.9588574171066284,724.0227059925094,950.8217755149813,0.9774147868156433,283.5655869616105,954.6014015683521,0.9815376996994019,826.2085966760301,1241.9098197565543,0.9419634938240051,219.12826252340824,1275.5895950374531,0.9945586919784546,813.7811622191011,1513.5460557116105,0.9989089369773865,238.92680536048692,1545.200871956929,0.7549031972885132,640.9737827715355,1517.4515742041199,0.7902718782424927,389.16439899344573,1525.3764337546818,0.30204862356185913,401.63045704588023,1848.8054482677903,0.5831162333488464,391.78553663389516,1888.709620786517,0.06651270389556885,822.5228230337079,1535.4933286516855,0.01263388991355896,392.4696424391386,1936.7674683988764
11,0.7865802820991067,0.9998207092285156,514.6161780196629,705.0812704822098,0.9999734163284302,581.0207455524345,659.8661341292135,0.9996768236160278,488.0478991104869,659.4948209269663,0.9995929002761841,641.015625,695.9189197097379,0.9989315271377563,418.5258661048689,697.2163945458801,0.9685085415840149,720.8745903558054,948.6251316713483,0.9820448160171509,284.037116690075,957.1593369616105,0.9799848794937134,825.7162921348315,1244.5202773876406,0.9547023773193359,217.0344686329588,1277.7728522940076,0.9939643144607544,817.5637874531835,1514.281805945693,0.9988885521888733,237.5822945926966,1548.532742275281,0.7154722809791565,650.2719744850187,1546.4865695224719,0.7488365173339844,380.7925152153558,1528.910785346442,0.37431782484054565,405.3721178604869,1932.0454412453184,0.580708384513855,390.3410287921348,1894.2181647940076,0.06455031037330627,818.6291549625469,1533.0171757958801,0.011890619993209839,421.83198735955057,1922.5813436329588
12,0.7654062754967633,0.9998563528060913,515.7424069522473,704.1895628511236,0.9999710917472839,580.6155635533709,661.1072828885768,0.9996893405914307,487.7408122659176,660.6456285112359,0.9995814561843872,642.2422167602997,694.0296553136704,0.9988946914672852,419.63234433520597,698.0519955524345,0.9631131887435913,721.8008251404494,952.0240080758427,0.982824444770813,283.08761996722853,958.6521974485019,0.9898401498794556,820.7143902153559,1262.8201076779026,0.9510926008224487,216.35197214419475,1278.276422050562,0.9930312633514404,819.1638869382023,1514.4494674625469,0.998999834060669,232.6373771067416,1547.4261177434457,0.6697514057159424,637.9795031601125,1516.7194815074906,0.5597195029258728,364.11546114232215,1530.00468164794,0.28317129611968994,401.63689431179773,1886.114524812734,0.5489089488983154,379.0675474016854,1889.4829705056181,0.0611739456653595,811.852030664794,1549.460001170412,0.012287169694900513,244.73109784644203,1513.358058286517
13,0.787016807233586,0.9998623728752136,515.1569815074906,704.2978259597379,0.9999627470970154,580.2680974953183,662.7325462312734,0.9997453689575195,486.9419329353933,661.9464682818352,0.99950110912323,642.656103698502,694.1538652855805,0.9986888766288757,419.50447682584274,700.055082514045,0.9749326705932617,715.7535258661048,952.4833216292135,0.979244589805603,282.9351006554307,956.7608116807116,0.9869147539138794,824.1403323970037,1239.7991280430713,0.9524706602096558,205.31681589419475,1280.1740987827716,0.9905928373336792,821.1197916666667,1513.693820224719,0.9990191459655762,225.63670411985026,1549.199145599251,0.7133062481880188,641.9547343164795,1513.9990051498128,0.6305207014083862,408.61350070224717,1532.2777680243446,0.4666031301021576,392.2774754213483,1881.1048689138577,0.5883922576904297,380.8214829119851,1887.0580231741574,0.08241409063339233,814.0687909644196,1539.8673045411986,0.01711416244506836,421.1641210205993,1922.4979517790264
14,0.7718137642916512,0.9998699426651001,515.8856361189139,703.462663857678,0.9999662637710571,580.4561680711611,662.3924683988764,0.9997268915176392,486.9028704353933,662.2170529026217,0.9995327591896057,642.8931852762173,694.7298542837079,0.998441219329834,420.47240753745325,700.4667017790263,0.9624322652816772,723.3437207397003,952.1940104166667,0.9820995330810547,288.4457660346442,956.8881671348315,0.9926267862319946,822.8486364700375,1264.4409819756554,0.9591894149780273,224.63929365636704,1291.151100187266,0.9936140179634094,821.248683286517,1510.037892088015,0.9989152550697327,221.7609579822098,1547.3877867509364,0.605530321598053,633.097495318352,1510.905313670412,0.6532571315765381,363.67143609550567,1494.34061914794,0.30535876750946045,388.6030401451311,1879.7710381554307,0.6100361943244934,376.8420090121723,1885.0810510299625,0.04206758737564087,815.8172401685395,1535.9633953651685,0.018169641494750977,248.18812909644203,1504.1714946161048
15,0.7502744583522573,0.9998574256896973,515.6968340355805,703.3060481039327,0.9999690651893616,580.5599689840824,661.2882578417604,0.9997135400772095,487.10279143258435,661.706094920412,0.9995747804641724,642.8032830056179,693.735077247191,0.9985098838806152,418.32689606741576,699.6599953183521,0.9708470106124878,719.9216555477528,952.5882929541199,0.9754925966262817,282.60833625936334,958.8371956928839,0.9796775579452515,823.599309456929,1261.7614700374531,0.9533673524856567,226.302814840824,1292.1245903558054,0.9935685396194458,825.1907771535582,1503.6237418071162,0.9990807175636292,218.89966643258424,1544.4608789794008,0.5393241047859192,649.8174157303372,1510.7667661516855,0.5697543621063232,403.49397237827714,1528.5116748595506,0.2636862099170685,656.8210147471912,1896.3468515917605,0.4447619915008545,375.49610838014985,1892.5386235955057,0.043182551860809326,822.3958333333335,1528.4301849250937,0.024298101663589478,246.3114466292135,1502.9861598782772
16,0.7638103821698357,0.9998596906661987,516.3287102059926,703.0320253979401,0.9999731779098511,580.5007900280899,660.1975070224719,0.9997068643569946,486.85532244850185,660.7765683520599,0.9996325969696045,642.0120113529963,693.2342140683521,0.9987678527832031,419.5609492041199,700.4925971441947,0.9745023250579834,715.992655664794,953.8153967696629,0.9764459729194641,281.6722992743446,959.1709094101124,0.981951117515564,828.1232443820224,1238.0448267790262,0.9403183460235596,215.82484784644203,1291.2677024812735,0.9949620962142944,829.8962722378278,1497.2635767790264,0.996354877948761,215.25222378277158,1528.879623127341,0.674458384513855,654.8231214887642,1507.7557350187267,0.5544772148132324,399.008441596442,1522.910083099251,0.3403658866882324,390.9669797518727,1888.4843164794008,0.48403581976890564,373.07328242041206,1890.25705173221,0.058247148990631104,826.8630032771537,1527.716965121723,0.010717123746871948,369.2199204119851,1958.2013693820224
17,0.7649695487583384,0.9998628497123718,517.1895482209738,703.0924479166667,0.9999725818634033,581.5582572565544,659.658824906367,0.9996822476387024,486.99708860018734,660.9402065777153,0.9996359348297119,642.6916549625469,693.6224982443821,0.998686671257019,419.6163243211611,700.9418890449439,0.9731467962265015,714.523276568352,951.9879447565544,0.9813640117645264,286.68305243445695,959.8686944054307,0.9727562665939331,827.2678195224719,1235.4604108146068,0.9490717053413391,208.4586405664794,1278.5009948501872,0.9916992783546448,833.3899520131088,1486.4296582397005,0.9991856813430786,208.90412862827714,1512.2744030898878,0.6331877708435059,468.3507432116105,1541.106331928839,0.6474637389183044,352.34770014044943,1525.3759948501872,0.27429139614105225,394.68574438202245,1889.7730863764045,0.467372328042984,378.56822038857683,1892.9147647471912,0.10425493121147156,834.8242919007491,1510.892731741573,0.012848138809204102,252.76400105337086,1416.6675444756554
18,0.7532285329173593,0.9998552799224854,517.6301351825844,703.3587166432585,0.9999709725379944,582.1627750468165,659.471485838015,0.9996401071548462,487.39071278089887,660.9905342930712,0.9996386766433716,643.3421845739701,692.8598285346442,0.9987777471542358,419.16022940074913,700.2777533941947,0.9608578085899353,721.3238091058054,951.7767585440075,0.9743455052375793,283.5268170646068,959.6143492509364,0.9768011569976807,819.3886060393259,1253.8496313202247,0.9450887441635132,211.44158181179773,1262.2561154026218,0.9863753318786621,841.466965121723,1476.3221266385767,0.9972116351127625,206.05271242977528,1498.113442181648,0.687850832939148,460.69756554307116,1552.7236949906367,0.5134167671203613,350.98212195692884,1524.0152446161048,0.28569892048835754,660.7021008895131,1894.113998127341,0.4287537932395935,376.27516385767797,1891.114378511236,0.020896226167678833,825.5382432116105,1539.904465121723,0.029705554246902466,280.35500058520597,1744.4556121254682
19,0.7594469925936531,0.9998767375946045,519.1924157303371,703.0132256554307,0.999969482421875,583.3433549859551,659.4647559691011,0.9995903968811035,488.6248390683521,660.9567386470038,0.9996330738067627,644.0250468164795,691.7620552434457,0.9984506368637085,420.16502808988764,699.284219920412,0.9646954536437988,722.3573560393259,952.2628452715356,0.9803829193115234,287.15589887640454,957.468910931648,0.9665167331695557,837.985867275281,1240.225158005618,0.9359738230705261,221.80835966760299,1243.5693176498128,0.9909229278564453,853.6026743913858,1467.6714653558054,0.9985659718513489,209.41003920880155,1472.0610955056181,0.5889201760292053,457.4782742275281,1520.7173162453184,0.553866446018219,380.0460118211611,1512.1981800093633,0.34186482429504395,400.89887640449444,1886.8344744850187,0.5379477739334106,381.5730337078652,1885.405547752809,0.02177444100379944,828.7432701310861,1515.9427668539327,0.031647056341171265,253.33369908707868,1422.5027797284645
20,0.770337932250079,0.9998701810836792,519.4132578417604,702.9032069288389,0.9999681711196899,583.553517088015,659.7236364700375,0.999595582485199,488.5758280664794,661.0436417368915,0.9996117353439331,643.8942532771537,693.5676351825842,0.9985116124153137,420.01711727528095,699.5924771769663,0.9625951647758484,722.0224719101125,950.2855073735956,0.9850965738296509,288.5636850421348,956.9482970505618,0.9674053192138672,824.0747893258426,1232.5996313202247,0.9500212669372559,219.6561183286517,1246.287745786517,0.9846075773239136,832.9879154962548,1439.6063026685395,0.9923019409179688,211.04393433988764,1434.665701076779,0.6013778448104858,689.8536985018727,1446.7617626404494,0.6434236764907837,380.43656367041206,1547.322975187266,0.37732070684432983,408.1871781367041,1939.4971617509364,0.5951296091079712,375.3960381554307,1886.6593515917605,0.016918957233428955,834.0800561797753,1548.694844335206,0.02198892831802368,334.7455085440075,1750.9827071629213
21,0.7671970286790062,0.9998789429664612,518.9552610018727,703.3870259831461,0.9999684691429138,583.2405050327716,660.1706606975656,0.9996137022972107,488.4462049391386,661.2156191479401,0.9996168613433838,643.1514805711611,692.8097202715356,0.9985474944114685,419.4738998127341,700.6653792134832,0.9657971858978271,700.9492772705994,950.7371400983146,0.9802448749542236,286.9090150983146,950.7780313670412,0.9682913422584534,826.5878101591761,1222.6815601591761,0.9413538575172424,214.57499414794006,1212.1937178136704,0.9943207502365112,830.5045938670412,1409.8259012172284,0.9764817357063293,209.9986832865169,1394.6733087546818,0.7608387470245361,686.6940250468165,1458.4048747659176,0.5291913747787476,386.29330524344573,1513.7998888108614,0.345947802066803,409.31457748127343,1934.2475713951312,0.5525716543197632,375.2833128511236,1886.852030664794,0.01491197943687439,822.7383251404494,1443.6083801498128,0.01477271318435669,350.03540496254686,1917.1831109550562
22,0.764709612902473,0.9998696446418762,518.6540993679776,703.9412892088015,0.9999674558639526,583.0506788389514,659.8863968867041,0.999636173248291,488.61796289794006,661.2193498361423,0.9996367692947388,643.4992392322097,692.377033590824,0.9986796379089355,419.76379623127343,702.4001492275281,0.9737511873245239,722.0538535814608,952.7577100889514,0.9759843349456787,287.1952539794007,942.0248127340824,0.9682012796401978,829.202656835206,1229.4020657771537,0.9612224102020264,196.09448150749063,1211.9965765449438,0.9938575029373169,838.2632549157304,1357.9100830992509,0.9737632274627686,203.02068703183522,1363.6669007490636,0.6046996712684631,643.5009948501872,1537.3403850655432,0.7456252574920654,318.1822770365169,1497.2774754213483,0.26738834381103516,406.05578476123594,1939.7249531835207,0.47175994515419006,408.7935246956929,1938.8704061329588,0.04601430892944336,816.0957982209738,1455.9992392322097,0.020006269216537476,820.167661516854,1461.578593164794
23,0.7861303266356973,0.9998689889907837,517.9116192649813,704.3941654962547,0.9999690055847168,582.5368679775281,659.5808462078652,0.9996381402015686,488.7176673689139,660.90077832397,0.9996120929718018,642.7921640917602,692.6027768024345,0.9987703561782837,419.4146477059926,702.0771155196629,0.9650313854217529,730.6990285580525,951.7226269897004,0.9701858758926392,284.3012640449439,940.7722524578652,0.9674156904220581,831.1901626872659,1207.0741894897003,0.9807561635971069,209.48472612359558,1198.429526568352,0.9835313558578491,825.1606390449438,1323.4502282303372,0.9785969257354736,211.85232326779033,1308.794768258427,0.6376761198043823,663.1809603230338,1533.6456870318352,0.8043221235275269,315.88702598314615,1516.4303897471912,0.26632893085479736,415.1792924859551,1932.7174040262173,0.7735537886619568,356.3815250468165,1879.2090941011236,0.017089784145355225,812.5414033239701,1436.48905664794,0.02186882495880127,849.9214360955057,1316.5970271535582
24,0.7670933639301973,0.9998651742935181,517.8235457631087,704.3909468632959,0.9999687671661377,582.2228318117977,659.5639483848315,0.9996284246444702,488.98320458801504,660.6733526451311,0.9996340870857239,642.9369294241574,692.6885094803371,0.9987704753875732,419.63826954588023,701.0204529494382,0.9554411768913269,734.7723548689139,948.6248390683521,0.9736742377281189,281.5044914559925,940.2536136470038,0.9804730415344238,818.6121839887642,1196.780854985955,0.936112642288208,184.85099192415737,1163.1079558754682,0.9939615726470947,822.6486423220974,1274.515156835206,0.9505043625831604,164.18809983614233,1251.1980629681648,0.6901764869689941,657.6485691713483,1582.9185685861423,0.5955550670623779,331.28306413857683,1530.4876228932585,0.23996299505233765,405.1575667134832,1889.5641678370787,0.7030403017997742,370.14001053370794,1884.797811329588,0.008245497941970825,859.0644019194756,1154.1950491573034,0.015572875738143921,361.85693176498125,1948.838366104869
25,0.769388042828616,0.9998553991317749,517.4038799157304,704.4199145599251,0.9999701976776123,581.9271564840824,659.751726357678,0.9996185302734375,488.8341965121723,660.5944961376405,0.9996535778045654,642.4936358848315,692.6957514044944,0.998688817024231,419.785083099251,700.8531571863297,0.9642464518547058,737.5321863295881,948.1383865870787,0.9749663472175598,287.49444054307116,941.2314928604869,0.9811998605728149,817.7988939606741,1207.4622542134832,0.8995891809463501,203.75658356741576,1144.9519399578653,0.9942353367805481,833.0568235018727,1264.9474777621724,0.8818024396896362,173.3297123712547,1247.7086259363296,0.6511285901069641,658.7814548220974,1543.0717462546818,0.6395606398582458,307.3562587780899,1576.7722963483147,0.3024352788925171,401.98662804307116,1881.8480805243446,0.768761396408081,372.9776743913858,1872.8419066011236,0.011127948760986328,444.78340063202245,1939.7268551029963,0.01275673508644104,361.97989817415737,1946.1424683988764
26,0.7648630633073694,0.9998520612716675,516.7241631554307,704.4109901685393,0.9999721646308899,581.4216848080524,659.950550093633,0.9996492862701416,488.4240402621723,660.5222963483146,0.999645471572876,641.6082923689139,692.3754242743446,0.9987369775772095,419.37865753745325,700.6641356507491,0.9612646102905273,741.5438465589889,953.6893580290263,0.9694472551345825,287.1153733614233,943.0579939138577,0.9707497954368591,782.0447097378278,1238.0717462546818,0.6719046831130981,186.52435188436334,1145.9244791666667,0.9960513114929199,831.2093281835207,1246.725479868914,0.9952379465103149,146.69537833567415,1237.1616046348315,0.7049055099487305,658.5292310393259,1538.6745084269664,0.6603974103927612,325.9804394897004,1585.162979868914,0.3437890410423279,398.3876111891386,1881.9048455056181,0.6950843334197998,377.55808169475654,1869.3594920411986,0.016375213861465454,448.40238764044943,1936.4331694756554,0.019609004259109497,361.10121137640454,1937.4398700842698
27,0.7922366559505463,0.999850869178772,516.4474338717229,704.1630091292135,0.9999740123748779,580.5557993913858,660.133280664794,0.9996629953384399,488.1602586610487,660.257271184457,0.9996846914291382,641.2870874297753,693.0063494850187,0.9987353086471558,419.117582514045,700.531952247191,0.9686793088912964,746.4813758192884,952.6983848314607,0.9728155136108398,283.28585849719104,940.4921582397004,0.9816933274269104,827.7533941947565,1277.873361423221,0.9324578046798706,226.53184983614233,1239.3305243445693,0.9883124828338623,850.9870962078653,1189.7546523876406,0.9920549988746643,177.10611979166674,1195.666476474719,0.7130884528160095,659.1786633895131,1529.0304599719102,0.7292517423629761,328.88649929775283,1578.5251345973784,0.4519360363483429,397.7259626638577,1883.392731741573,0.7089583873748779,381.4174420646068,1873.3605454119852,0.013695091009140015,381.10603932584274,1914.7429482677903,0.017172127962112427,392.9585088951311,1924.3580290262173
28,0.7990357928416308,0.999851405620575,515.7669124531835,704.5846500468165,0.9999762773513794,580.2120640215356,660.7462839419476,0.9996960163116455,487.37527797284645,660.6831548455057,0.9996178150177002,639.8178546348315,693.5696834035581,0.9989192485809326,417.09598841292143,699.1744937968165,0.9711599946022034,745.5344393726591,948.9426790730338,0.9768481254577637,285.97963483146066,939.893199906367,0.989629864692688,829.5801147003747,1267.6028499531835,0.9172139167785645,186.49436007724717,1300.3231800093633,0.9939001798629761,857.779143258427,1165.5531659644196,0.9934117197990417,192.70855278558054,1183.0601152855807,0.7463942766189575,665.8323092228466,1531.1920646067417,0.8170171976089478,325.7402124297753,1581.1711434925094,0.4702187776565552,396.0770716292135,1874.925386235955,0.621596097946167,378.5887025983146,1863.6364700374531,0.04524382948875427,451.56132958801504,1904.891883192884,0.042913734912872314,441.4801322565544,1914.4983321629213
29,0.7747664819745457,0.9998420476913452,514.5777738764045,704.638050093633,0.999976396560669,578.998127340824,661.0262318586142,0.9997451901435852,485.63728932584274,660.8413067649813,0.9995782375335693,638.1280723314608,695.2511996722847,0.998916745185852,416.12747249531833,700.2887260065544,0.9627023935317993,753.5797050561798,947.2708187031835,0.9412276744842529,274.9230454119851,935.4792105571162,0.9661881923675537,846.4507256554307,1257.2833274812735,0.9585992693901062,176.5748259012172,1285.7357502340824,0.9970638155937195,876.4246839887642,1140.1416930009364,0.9962916970252991,170.9207119030899,1169.0415057350187,0.6830644607543945,666.8550298455057,1536.0883368445693,0.6987581849098206,315.77781191479403,1562.4637172284645,0.3259738087654114,404.7692093867041,1925.240080758427,0.5528421401977539,383.65534293071164,1854.8022003745318,0.0372447669506073,455.5311475889513,1909.5792368913858,0.053015172481536865,405.05398525280907,1907.2912277621724
30,0.7715186564361348,0.9998279809951782,513.7731156367041,704.5005266853933,0.9999773502349854,578.487974016854,661.1562938904494,0.9997770190238953,484.4488822565544,660.9032654494382,0.9996473789215088,637.8644370318352,694.3799742509364,0.9988097548484802,415.7806647940075,701.1208889279027,0.960896372795105,735.2595388576779,945.3599748361423,0.9203341007232666,281.23961259363296,929.56797167603,0.9886839389801025,825.7724719101125,1258.9940308988764,0.9808264374732971,180.66172167602997,1278.860311329588,0.998679518699646,875.7992450842696,1117.96875,0.9939282536506653,184.79525105337086,1158.8677727059926,0.7177560329437256,672.3594774110488,1542.6982385299625,0.5028732419013977,321.9125263342697,1561.1625117041199,0.3216196298599243,416.55942766853934,1933.4521301498128,0.6145176887512207,382.7673659878277,1884.60469335206,0.03301095962524414,310.8693235018727,1554.3229166666667,0.08465149998664856,282.45567064606746,1557.513752340824
31,0.7701384355040157,0.9998343586921692,514.4908707865169,704.5704588014981,0.9999756813049316,578.7048659878277,661.2526334269663,0.9997869729995728,484.0343369616105,661.2211054541199,0.9996294975280762,637.5573501872659,694.1044153792135,0.9986761808395386,416.36894311797755,702.0492450842697,0.9570707082748413,734.4223285346443,946.6524754213483,0.9455792903900146,280.9601767322098,946.0103581460675,0.9960057139396667,825.7613529962548,1245.0163857677903,0.9770224094390869,188.17441333099248,1278.073355571161,0.9986262321472168,886.7725889513108,1097.60548338015,0.9943082332611084,173.95485867275283,1141.9133309925094,0.8131409883499146,684.635709269663,1526.7402563202247,0.4328538179397583,442.7258163623595,1552.7326193820224,0.3526115119457245,649.8447741104869,1902.5193117977528,0.5251938700675964,380.641020014045,1886.9153792134832,0.026593148708343506,310.45646067415737,1564.5041842228466,0.0754447877407074,302.16804190074913,1589.3521769662923
32,0.7795507048859316,0.999839186668396,514.8321190308989,704.8149286048689,0.9999746084213257,578.8236628043071,661.344218164794,0.9997724294662476,484.6119352762173,661.3122512874533,0.9996184706687927,638.1391912453184,695.1326954588015,0.9983630776405334,417.1510709269663,701.3178838951311,0.9666482210159302,766.4778645833335,947.2738178838952,0.9439321160316467,283.2957338483146,932.6431560159176,0.994608461856842,833.972817181648,1260.5383895131088,0.9663752317428589,178.8199686914794,1274.269224016854,0.9995982646942139,884.5306647940076,1081.1311300327716,0.9922729730606079,179.2646520950375,1131.4081519194756,0.807058572769165,683.7322975187267,1524.435861423221,0.7391148805618286,318.20744089419475,1549.4004564606741,0.38181138038635254,416.0499327013109,1938.7183988764045,0.42647868394851685,390.0279435861423,1893.0395599250937,0.007504671812057495,457.4635709269663,1932.884772940075,0.02939075231552124,276.0530781835206,1573.91093164794
33,0.8000080322518068,0.9998442530632019,515.3581460674158,704.8397998595506,0.999976396560669,579.2430360486892,661.2039150280899,0.9997698664665222,484.9276539091761,661.38437792603,0.9996480345726013,639.7245142790262,695.550313085206,0.9980705976486206,418.69323501872657,702.809061914794,0.9566937685012817,770.4884275514983,948.2245581694757,0.9712221622467041,282.27630500936334,936.9267907303371,0.9972333908081055,844.5072565543071,1263.9088834269664,0.9786176681518555,180.27453476123594,1280.5359023876406,0.9996370077133179,886.0254272003747,1074.383997542135,0.985679030418396,173.63420236423224,1120.606639161985,0.827202558517456,723.001960440075,1491.087020131086,0.7344159483909607,329.8388488998128,1550.8623010299625,0.4898757338523865,416.6396008895132,1933.1975655430713,0.6226406693458557,383.45527563202245,1872.822887406367,0.023329943418502808,450.6700608614233,1908.114612593633,0.016279518604278564,392.97533356741576,1928.7293714887642
34,0.811459515024634,0.9998417496681213,515.7252165262173,704.6321248829588,0.9999762773513794,579.2654933286517,660.5707221441947,0.9997372627258301,485.58549859550567,661.2141561329588,0.9996549487113953,640.8187763342696,694.1299449906368,0.9980366230010986,419.0461142322098,703.2204617275281,0.9617844223976135,732.1231273408241,948.0974953183521,0.9842709302902222,297.072580173221,935.7151217228464,0.9970866441726685,846.1942591292136,1265.462020131086,0.9730129241943359,178.97325608614233,1279.303604868914,0.9996346235275269,886.9203534644196,1073.5648554541199,0.9810017347335815,169.7534088249064,1096.2420997191011,0.9483908414840698,736.8208684456929,1483.27656835206,0.7069876194000244,331.6909527153558,1565.5000585205994,0.6187887191772461,409.6420733848315,1936.2400514981275,0.5845241546630859,379.7090063202247,1879.6314665262173,0.01794925332069397,369.7464595037453,1927.272354868914,0.024133026599884033,359.3951164559925,1938.802814840824
35,0.8079030513763428,0.9998348355293274,515.4536809456929,704.4648291198503,0.999975323677063,578.9693059456929,660.0857326779027,0.9997467398643494,484.8985399110487,660.7029055477528,0.999618411064148,640.0234813904494,694.4285463483146,0.9988383054733276,416.0810217696629,701.0794124531835,0.9569804668426514,733.3700550093633,946.7092404026217,0.979655385017395,298.052653909176,936.8084328183521,0.9962023496627808,837.5501814138577,1256.801410346442,0.9760504364967346,177.37681413857683,1278.5756086142324,0.9996856451034546,883.2783239700375,1076.7615431882023,0.9838011264801025,192.93104078885767,1088.8137143024344,0.7903146147727966,739.6145687031835,1491.8742684925094,0.7466199398040771,335.35807291666674,1557.762025983146,0.5255414247512817,413.8284907537453,1934.4594159644196,0.7256380915641785,373.13575316011236,1875.8612769194758,0.023712486028671265,371.4049332865169,1928.4666139981275,0.03213629126548767,358.2550620318352,1942.437968164794
36,0.8075332080616671,0.9998425245285034,515.8595944522473,703.6420294943821,0.9999769926071167,579.605936914794,659.72422167603,0.9997082948684692,485.90114407771534,660.2077481273409,0.999618649482727,640.1152124297753,693.9872278792135,0.9989273548126221,414.68376931179773,698.9163448033709,0.9549415707588196,763.8998858848315,946.1175971441947,0.9808859825134277,309.66204353932585,936.4230015215356,0.9972600936889648,830.2254506086142,1253.5978464419477,0.9539321660995483,174.0141473548689,1271.198355571161,0.9994935393333435,884.1774929775281,1084.7267088014983,0.9877222776412964,191.35895804073039,1065.8587897940076,0.8829623460769653,740.0652504681648,1502.4865402621724,0.6228551268577576,331.4974689840824,1564.474923923221,0.5557476878166199,409.3010445926967,1931.6277504681648,0.7504125833511353,379.91851006554305,1870.9772940074906,0.02018219232559204,458.5310598080524,1929.5603639981275,0.023595154285430908,359.2680536048689,1943.3046582397005
37,0.7912148587843951,0.999829888343811,514.8842023642322,703.0293188202247,0.9999752044677734,578.6632432116105,659.0922723548689,0.9997986555099487,483.6417368913858,659.6602147705993,0.9996434450149536,637.6097992743446,692.0244469803371,0.9992283582687378,413.08030489232215,701.0873858848315,0.9695576429367065,742.1035960908241,943.0269048455057,0.9865690469741821,300.3487096207865,932.7093574438203,0.9975677132606506,826.8751463014983,1256.634919241573,0.9781043529510498,163.62436358848322,1262.2662102059926,0.9990541934967041,876.3091058052435,1097.666564255618,0.9934364557266235,200.4271272237828,1054.4224748361423,0.8579578995704651,736.7550327715355,1484.938992275281,0.565156102180481,338.2108058286517,1550.7797869850187,0.4071131944656372,409.93796816479403,1940.3609257958801,0.6344268321990967,388.79206168071164,1873.308900983146,0.03030627965927124,732.9795031601125,1712.1946687734082,0.03292733430862427,715.7313611891386,1652.6433754681648
38,0.8070612970520469,0.9998199343681335,514.7148583801498,702.9495845037453,0.9999740123748779,578.6644867743446,659.2183842462547,0.9997923374176025,483.988910346442,659.6003043071162,0.9997208118438721,636.8145043305244,691.8662219101124,0.9990050792694092,414.3989934456929,702.0167661516854,0.9735939502716064,744.4468340355807,943.7693117977528,0.9858104586601257,298.15557701310865,929.4213044241574,0.9958719611167908,827.0884538857679,1257.7627574906367,0.9861724376678467,190.50353318117982,1273.2680828651685,0.9993523359298706,872.8534644194758,1112.6864612593633,0.9969537258148193,195.16349192415737,1030.7794943820224,0.8419897556304932,752.2764513108614,1504.6178604868915,0.6321650743484497,335.79361247659176,1546.3807935393259,0.5256913900375366,418.2123419943821,1933.3108029026218,0.7193316221237183,376.8736832865169,1867.482590121723,0.0277978777885437,454.12826252340824,1907.9693352059926,0.036999285221099854,720.4826486423221,1654.4439080056181
39,0.7896758984116947,0.9998281598091125,515.180389747191,702.8699964887641,0.9999741911888123,579.4744118679776,659.6665788857678,0.9997202157974243,486.03727762172286,659.3618328651686,0.9996258020401001,636.8147237827716,694.7055682350187,0.9991057515144348,414.6973753511236,701.0205992509364,0.9550212621688843,742.8789940308989,941.531410931648,0.9846699237823486,304.0532098548689,937.8661194990638,0.9676696062088013,819.9016853932585,1254.1360896535582,0.9887658953666687,177.9370025749064,1247.2774754213483,0.9992067217826843,877.5535463483147,1123.4519838483147,0.9881287217140198,197.78711669007498,1009.5892585440075,0.6456276178359985,691.2276158707866,1553.2328242041199,0.8801068663597107,316.371722846442,1532.8079646535582,0.342690110206604,420.83260182584274,1935.6738647003747,0.6373818516731262,392.69480044475654,1876.646184456929,0.017594069242477417,449.4899198267791,1918.023759363296,0.01937350630760193,365.84006320224717,1944.944698033708
40,0.8005320955725277,0.9998345375061035,515.3341526217229,702.9823560393259,0.9999735355377197,579.9008075842697,659.8162453183521,0.9996798038482666,486.5938085205993,659.3770482209738,0.9996088147163391,636.4216848080525,694.5299332865169,0.9990152716636658,416.2230073735956,701.9896272237828,0.9664801359176636,742.0775544241574,944.0919066011236,0.9904571771621704,305.9953622425094,932.3532595973783,0.970302164554596,817.008280664794,1255.9942649812735,0.9881072044372559,177.42428897471916,1237.9454880617977,0.9988577365875244,876.9329353932585,1125.6342901451312,0.9934199452400208,169.72630647237827,1019.2464741338952,0.6438642740249634,659.2526919475656,1624.7619674625469,0.9295331239700317,345.89470681179773,1546.803751170412,0.42842525243759155,416.57603288857683,1895.513518258427,0.6270712614059448,400.3028441011236,1874.5531952247193,0.040808796882629395,441.97499707397003,1904.935627340824,0.03360658884048462,367.1918890449439,1944.8431647940076
41,0.81848525650361,0.9998399019241333,515.9416695926967,703.543202832397,0.9999679327011108,581.4617714185393,660.2146974485019,0.9995945692062378,488.6200842696629,659.4867011938203,0.9995632171630859,637.218442766854,695.7497951779027,0.9992049336433411,416.5729605571162,699.9936358848315,0.9547895193099976,738.1658181179776,942.295470505618,0.9931517839431763,302.12839419475654,931.734916315543,0.9962877035140991,827.7863120318352,1249.9673747659176,0.9963175654411316,190.58491338951308,1260.8902446161048,0.9994738101959229,877.5035112359551,1112.2822302200375,0.9950495958328247,171.05380969101122,1026.3168597846443,0.7797137498855591,699.935554190075,1532.8261060393259,0.8851149678230286,316.8139191245318,1554.6412687265918,0.5166596174240112,427.67439138576776,1886.7052902621724,0.7281704545021057,386.8685627340824,1868.2440894194758,0.038790494203567505,441.021330758427,1899.2155313670412,0.03255954384803772,363.2555740870787,1943.2417485955057
42,0.8163329520646263,0.999855637550354,517.4877106741574,703.5080173220974,0.9999514818191528,584.3648320458802,661.4552610018727,0.9995795488357544,466.5804950842697,659.834606156367,0.9995421171188354,638.7080114700375,697.8995493913858,0.9991984367370605,420.49252399344573,701.1440777153558,0.9614543914794922,766.9273027855807,941.1405664794008,0.9939062595367432,298.8773554541199,934.9650339419476,0.9968858957290649,831.8714887640449,1261.6592052902622,0.9954908490180969,216.92664442883893,1272.9015976123596,0.9991506338119507,885.2121371722847,1093.186007724719,0.9980359673500061,183.5305111774345,1049.3305243445693,0.8177099227905273,722.3038828417602,1534.119850187266,0.9027268886566162,329.20134012172286,1548.51094335206,0.3872949481010437,429.1150222378277,1891.4198560393259,0.7641085386276245,389.6375380383895,1878.2424801029963,0.032341718673706055,445.3591701779027,1898.2541842228466,0.03042694926261902,473.38614817415737,1915.165320692884
43,0.794967877514222,0.9998999834060669,519.8599894662922,703.8949116338952,0.9999082088470459,561.5905898876405,661.4425327715356,0.9996973276138306,469.50411107209743,660.4102294007491,0.9994007349014282,640.5887172284645,700.0743943117977,0.9988031387329102,424.02650983146066,700.309061914794,0.9619970321655273,765.3832367743446,940.929307116105,0.991531252861023,293.47890332397003,937.594145014045,0.996195912361145,853.9796933520599,1266.008748829588,0.9837403297424316,216.6931472378277,1276.796728698502,0.9997079372406006,887.0109140917602,1065.1313787453184,0.9989898800849915,186.8978596090824,1091.5559164325844,0.9268118143081665,730.6039325842696,1516.9480044475656,0.8801718950271606,328.44057233146066,1563.8881086142324,0.22609439492225647,639.4418597846443,1931.9976006554307,0.47903260588645935,398.67589829119856,1895.5691128277153,0.04113498330116272,755.6551381086142,1652.1247366573034,0.03133648633956909,482.81557233146066,1909.7916666666667
44,0.7884714095031514,0.9999109506607056,522.9310773642322,704.0655723314607,0.9999091625213623,566.0280606273409,664.0104166666667,0.9996808767318726,480.22296348314615,660.5190045646068,0.9991155862808228,640.6220739700375,702.301249414794,0.9984801411628723,427.86392497659176,701.0078710205993,0.9721759557723999,754.6142029494383,940.6545529026217,0.9773604273796082,295.71987652153564,936.3876697097379,0.9922794103622437,863.9456051029963,1246.1246196161048,0.9674578309059143,205.38272471910113,1280.57891502809,0.9993884563446045,894.1609609082398,1035.0697126638577,0.9974244832992554,204.4738998127341,1135.8540349953184,0.8573431968688965,717.296567766854,1527.9981566011236,0.7927604913711548,324.69986247659176,1574.4882373595506,0.2751142978668213,638.543129681648,1930.9829997659176,0.5341376066207886,410.1376697097379,1933.6688026685395,0.021544575691223145,445.3025514981274,1906.2678487827716,0.019930511713027954,741.2471471207866,1640.9865110018727
45,0.8017897851326886,0.9999220967292786,525.4035726825844,703.5647091526217,0.9999270439147949,570.9176761470038,663.5258661048689,0.999772310256958,476.8954822097379,659.4371049859551,0.9990061521530151,642.6605658941949,701.2313465589888,0.9982306957244873,431.12403441011236,701.8376199672285,0.9637201428413391,764.9463073501872,938.1609170177903,0.9709675312042236,295.79258836610484,935.7621576544944,0.9871127605438232,870.7094159644196,1231.9329353932585,0.9823563694953918,215.63816713483152,1277.9747483614233,0.9995096921920776,898.1659644194758,999.2740519662922,0.9993038177490234,202.03051849250937,1177.7315221207866,0.8753461837768555,716.1903821395131,1545.97422167603,0.8306061029434204,334.5923308754682,1562.7873361423221,0.28608936071395874,639.8526012406367,1927.0998654026218,0.6097564697265625,409.76291842228466,1931.0520540730338,0.08051151037216187,743.7629476825844,1807.5955348782772,0.04828810691833496,744.3614671114233,1808.1735720973784
46,0.7845075726509094,0.9999244213104248,526.8537131320224,703.6837985720974,0.999942421913147,573.4557145365169,663.9679892322098,0.9998435974121094,478.76609316479403,659.0382871020599,0.9991928339004517,644.6136908941949,700.6792778558053,0.9984689950942993,431.9425181413858,699.9293363764045,0.9609575271606445,767.9833801498128,937.2194668773409,0.9716777801513672,301.8071161048689,938.9473607209738,0.9908913373947144,876.2783824906367,1229.6659936797753,0.9153220653533936,267.5991924157304,1281.3990812265918,0.995708703994751,902.4327013108614,981.5028821395132,0.9988502264022827,191.89753043071164,1215.76954588015,0.6927797794342041,718.1074438202247,1573.4101416198503,0.7462080717086792,347.21895482209743,1560.905313670412,0.33694884181022644,651.9673162453184,1885.1480571161048,0.6706311702728271,382.96984726123594,1883.8971793071162,0.030707180500030518,452.0876492275281,1906.5547460205994,0.02857378125190735,445.683520599251,1916.661253511236
47,0.8045235574245453,0.9999275207519531,528.8370493913858,703.3598870552435,0.999954104423523,575.7418948970038,664.0323618913858,0.9998908042907715,481.6709825608615,658.5608321629213,0.999031126499176,645.1555916432585,701.1933081694757,0.9983230233192444,433.330626755618,698.402972846442,0.9639246463775635,759.316259948502,935.1097261235956,0.9865524768829346,308.54430009363296,945.1938494850187,0.9890737533569336,846.8265742041199,1227.843515917603,0.9761868119239807,269.57140976123594,1255.9176029962548,0.9978022575378418,903.7788213951312,965.4086932350187,0.9859009385108948,211.44267907303367,1247.9233965355807,0.7695050239562988,717.3690601591761,1572.6956051029963,0.8985555768013,331.11759714419475,1555.035551264045,0.4279159903526306,425.92169943820227,1931.7513752340824,0.6529663801193237,413.41453066479403,1929.5865519662923,0.011617094278335571,452.8429307116105,1914.8165379213483,0.01977294683456421,886.0473724250937,951.5976855102997
48,0.8024912616785835,0.9999271631240845,529.9480629681648,703.4612008426966,0.9999589920043945,576.4693059456929,664.5548776919476,0.9998779296875,483.0971295646068,659.4347641619851,0.9989149570465088,647.1286867977528,699.4448589653558,0.9982811212539673,434.1889776451311,698.2331899578652,0.9577172994613647,761.4032508192884,933.1694756554307,0.9815124869346619,310.95842111423224,947.5133134363297,0.9924219250679016,856.3837195692884,1231.974923923221,0.9023416042327881,257.41148759363296,1253.7539501404494,0.9965914487838745,904.3788038389514,964.0784468632959,0.9835238456726074,223.11753862359558,1258.8666022940076,0.7769522666931152,709.101416198502,1562.1825257490636,0.8746377825737,337.7260358146068,1545.1922401685395,0.38221219182014465,423.83024637172286,1902.1479985955057,0.7330342531204224,376.2054511938203,1887.3572097378278,0.022703349590301514,910.9407186329588,945.4660434222847,0.04174283146858215,889.6708216292136,946.6979751872659
49,0.7985377364298877,0.9999278783798218,529.6853054775281,703.6955758426966,0.9999613165855408,575.6446044007491,664.698911516854,0.9998537302017212,482.05890098314615,659.7624063670412,0.9989817142486572,645.6100772471912,699.9360662453183,0.9982485175132751,434.10938963014985,700.4816245318352,0.9465957880020142,766.8711230102997,937.717038272472,0.9775818586349487,311.1892117275281,943.7297372425094,0.9877676963806152,876.7872191011236,1225.8384538857679,0.8962788581848145,253.22112008426973,1242.7868972378278,0.9970649480819702,904.4269370318352,971.6693732443821,0.9858115911483765,219.0025895365169,1258.5726825842696,0.6248524785041809,683.4827071629213,1564.6561914794008,0.8596493005752563,331.42344042602997,1551.7763927902622,0.4548509418964386,436.68144311797755,1895.9130676498128,0.8143842220306396,373.5598080524345,1881.461405664794,0.015460222959518433,555.6748888108615,1943.6755325374531,0.017870455980300903,425.19640976123594,1926.2324438202247
50,0.7990855031153735,0.9999237060546875,528.9850333567416,704.2511557818352,0.9999583959579468,574.9876375234082,663.4571044007491,0.9998487234115601,479.2628599016854,660.0092169943821,0.9991790056228638,645.909995318352,699.4569288389513,0.9983769059181213,428.7916227762173,702.4454295411986,0.9651724100112915,754.9801761470037,932.0227645131087,0.9697028994560242,299.5537072799626,944.0156835205993,0.9918670058250427,850.8940484550562,1228.5855571161048,0.9438673257827759,258.3508163623595,1285.1499590355807,0.9994714260101318,902.8345915262173,1000.5211990870787,0.9992119669914246,192.0112432701311,1230.4506086142324,0.5656871795654297,686.698048338015,1616.16953417603,0.8536827564239502,335.1472524578652,1540.846646769663,0.44253408908843994,429.49204119850185,1926.239466292135,0.804564356803894,382.9082543305244,1880.561651451311,0.027580469846725464,553.8834269662922,1938.9082982209738,0.02382493019104004,526.3543861189139,1939.741485252809
51,0.8165228401913363,0.9999270439147949,525.8563026685393,706.5252662687266,0.9999427795410156,572.033517673221,663.565001755618,0.9997513294219971,480.51242099719104,661.0485428370787,0.9993292689323425,645.0982414559926,698.443278909176,0.9976795315742493,426.2822594803371,704.777036516854,0.9680655002593994,764.7364378511236,940.6024695692885,0.9475475549697876,289.12767731741576,945.3853581460675,0.9933825135231018,868.4342813670412,1251.8277446161048,0.9640505313873291,231.73557467228466,1291.5763986423221,0.999625563621521,896.3740636704119,1041.1963805009364,0.9984955191612244,186.02630500936334,1187.0711171582398,0.7540241479873657,746.3407069288389,1559.4447858146068,0.8722154498100281,340.9378657537453,1547.2804014513108,0.5469207763671875,435.29435861423224,1916.1434925093633,0.7502944469451904,371.47618211610495,1877.442649812734,0.04905688762664795,456.07787628745325,1901.501638576779,0.04057943820953369,445.3774578651686,1908.2641327247193
52,0.8137458071989172,0.9999222159385681,522.6125058520599,706.8235018726592,0.999932050704956,564.4693644662922,663.6966731039327,0.9996854066848755,475.4818439840824,663.407581343633,0.9994210004806519,642.9706519194756,698.8896447799626,0.9977522492408752,423.9219042602997,702.6312324438203,0.9583840370178223,738.6674128043071,946.3455348782771,0.926520586013794,309.2136294475656,945.466336025281,0.9963183403015137,848.3761996722847,1273.2010767790262,0.9324672222137451,196.882973431648,1277.3706694756554,0.9993619322776794,888.4688085205994,1091.8648320458801,0.9971605539321899,194.89071278089887,1152.1798191713483,0.8223267793655396,737.9109609082398,1540.4150573501872,0.8622947931289673,345.4347349016854,1554.936797752809,0.5282191038131714,421.3745025749064,1895.4049625468165,0.7577682733535767,377.9738705524345,1882.1270774812735,0.03265443444252014,481.4638927902622,1911.515390917603,0.02348974347114563,447.45691420880155,1915.9395482209738
53,0.8148654769448673,0.9999068975448608,519.4438348548689,707.4169738998128,0.9999474287033081,584.7487271769663,664.6942298689139,0.9996421337127686,471.2279084737828,664.6918890449439,0.9996002316474915,640.2290349953184,698.22031542603,0.998423159122467,420.4841848080524,702.3060773642322,0.9382755160331726,737.2688436329588,941.2949877106741,0.9706915616989136,307.21895482209743,939.4390069054307,0.984346866607666,826.2586317883895,1276.6713483146068,0.9769532084465027,180.80802317415737,1285.4727001404494,0.9960168600082397,867.5237008426966,1139.1037570224719,0.9970046281814575,160.6280357560862,1105.5765010533707,0.8821301460266113,737.6570546582398,1511.0138693820224,0.90749192237854,343.75629096441946,1558.7835030430713,0.49913665652275085,415.5320985486892,1901.349777621723,0.677887499332428,378.9249034410112,1887.9944990636704,0.00989389419555664,458.1906893726592,1916.37186914794,0.015364497900009155,367.66700316011236,1950.623683286517
54,0.7816527941647697,0.9998985528945923,517.7877018960675,706.960001170412,0.9999633431434631,583.0452656835206,664.0592813670412,0.9996523857116699,489.10975538389516,663.1346558988764,0.999579668045044,638.5226474719102,698.0677961142322,0.998391330242157,419.86372015449444,701.4713541666667,0.9599496126174927,747.4468194054307,942.8887962312734,0.970686674118042,307.8448326310862,937.027738764045,0.9828737378120422,829.670382724719,1268.0459971910113,0.9668148756027222,177.56364115168537,1285.579207631086,0.9941799640655518,857.6956051029963,1167.4040262172284,0.9984481334686279,148.4810246956929,1058.7731156367042,0.8085850477218628,729.2880969101125,1510.821190308989,0.8339449763298035,348.5816069756554,1565.6331928838952,0.25534117221832275,414.6650427200375,1909.986101357678,0.477850079536438,391.0953593164794,1891.6299449906367,0.015682995319366455,447.41426732209743,1906.5873712546818,0.02625495195388794,369.5850889513109,1944.7376814138577
55,0.7651179818546071,0.999880313873291,516.7016327247192,706.8353522940075,0.9999716877937317,580.9562265917604,663.1517000234082,0.9997164011001587,486.9874327013109,662.3124414794007,0.9995876550674438,637.7943586142324,696.8469101123595,0.9989238977432251,415.88958625936334,698.1007139513109,0.9670498967170715,747.8248624765918,946.5724485018727,0.9788573980331421,289.9267029494382,935.074686914794,0.9679385423660278,834.630003511236,1271.3886938202247,0.9775190353393555,164.22383397705994,1267.2549449906367,0.9845608472824097,843.1835205992509,1198.601723431648,0.9979820251464844,146.01964829119856,1031.0556384597378,0.8160344362258911,734.087737008427,1499.2926322565543,0.7125040292739868,340.5221500468165,1559.7559691011236,0.20265278220176697,635.1829500234082,1941.991017088015,0.3633752465248108,414.37799918071164,1939.1220447097378,0.018776923418045044,753.0630413155432,1681.4789618445693,0.02167457342147827,366.2467813670412,1946.9194756554307
56,0.7509071984711815,0.9998570680618286,515.5417544475656,706.5771301498128,0.9999725222587585,579.8065894194757,662.6490812265918,0.9997605085372925,485.7479664091761,661.5535756086142,0.9996536374092102,637.0802610018727,696.1147442649813,0.9992033243179321,414.1409907537453,697.1643112125469,0.9694538116455078,748.0598226825844,948.0086903089888,0.9784572124481201,282.2761587078652,933.4136528558053,0.9085464477539062,823.9438494850187,1272.308198735955,0.9807373285293579,161.81713775749063,1246.5427492977528,0.9778422117233276,835.6722553838952,1208.923220973783,0.9990077018737793,138.28860165028095,1007.6913623595506,0.711165726184845,696.6974631320224,1585.805243445693,0.8567476272583008,341.63309047284645,1599.6191772003747,0.12432420253753662,637.1477791432585,1947.975626170412,0.18220072984695435,410.5728435159176,1945.0076076779028,0.02911752462387085,348.25776860955057,1806.4962254213483,0.049374788999557495,327.70248127340824,1794.0241690074906
57,0.7799548927475425,0.9998658895492554,515.6734989466293,706.5612564372659,0.9999737739562988,579.9281659644195,663.044461025281,0.9997495412826538,486.13903031367045,661.6641795411986,0.9996606111526489,636.9571482911986,696.8656367041199,0.9991414546966553,415.35039208801504,698.3208245552435,0.9630284309387207,747.329924508427,943.5079441713483,0.9811204075813293,283.04643609550567,934.422109082397,0.9684876203536987,832.1974485018727,1267.5585205992509,0.9905581474304199,161.15428224485015,1243.5453242041199,0.9927099943161011,855.7792017790262,1179.527665613296,0.9991809725761414,139.26022647471916,1002.4833947799626,0.7575494050979614,713.8853288857679,1563.2051732209738,0.8626377582550049,331.03208391853934,1580.327422752809,0.13607418537139893,661.3461200842696,1906.5965882490636,0.5291415452957153,420.353830173221,1938.7976942883895,0.03777030110359192,333.6043568586142,1733.9915437734082,0.04258313775062561,313.19683403558054,1735.0450608614233
58,0.7879509978434619,0.99986732006073,514.3942386470038,706.8823882256554,0.9999766945838928,579.6671640917604,663.2975626170412,0.9997695088386536,485.5634070692885,661.2903792134832,0.9996117949485779,637.3124414794008,695.4039384363297,0.9991377592086792,413.6224982443821,696.1312031835206,0.9493087530136108,739.9959767088014,938.9397530430712,0.9755268096923828,278.13034000468167,935.3028441011236,0.9783340692520142,844.1517439138577,1274.4787277621724,0.9822030067443848,160.61669738998125,1243.9783766385767,0.9950401782989502,864.7992743445693,1155.1433023174159,0.9990156888961792,134.90739115168537,1008.6110867275281,0.8830140829086304,755.1548601357679,1515.762962312734,0.8504935503005981,339.3861189138577,1576.469305945693,0.17834076285362244,409.3451544943821,1903.9546757958801,0.5639720559120178,423.1233175327716,1938.0255149812735,0.01819401979446411,327.0632900280899,1731.016502808989,0.023360908031463623,312.882578417603,1726.1777270599252
59,0.7673825341112473,0.9998499751091003,513.1085410814607,706.8842169943821,0.9999781847000122,578.7629476825844,664.2573004447565,0.9998078346252441,484.60081636235964,661.925474016854,0.9995396137237549,634.9984638342696,698.0462897940075,0.9991791248321533,413.38841584737827,697.11171582397,0.9467812180519104,739.6825988998128,929.7056413857679,0.9876004457473755,287.01376697097385,933.9716467696629,0.9661946296691895,853.8914735486892,1280.4939138576779,0.9807324409484863,153.16285551264048,1255.8173864700375,0.9965153932571411,869.7682584269664,1135.0192386470037,0.9975874423980713,138.75855863764048,1029.7721354166667,0.6603288054466248,738.4521301498128,1493.1074438202247,0.7614502906799316,331.55657478932585,1578.5416666666667,0.22112628817558289,658.026173338015,1910.3587312734082,0.4986337721347809,422.89208801498125,1936.041959269663,0.005879133939743042,391.4283415262173,1943.1573326310863,0.02431848645210266,144.3147969335206,1029.4739729634832
60,0.8086389811599956,0.9998747110366821,513.793597846442,707.9355395599251,0.9999759793281555,579.6591175093633,665.6196599953183,0.9997876286506653,485.5138108614233,662.7106741573034,0.9995082020759583,635.064299508427,699.8515771301498,0.9990301132202148,414.3304511938203,696.9275222378277,0.9557614326477051,758.8796231273409,930.199847846442,0.9704081416130066,308.3811007724719,939.835557116105,0.9971286058425903,856.9722904962548,1273.331870318352,0.9838694334030151,175.35075784176036,1279.768989934457,0.9989665746688843,870.8384538857679,1100.9280635533707,0.9976681470870972,146.60723168305242,1062.0831870318352,0.898276686668396,735.3158649344571,1497.6306472378278,0.8907133340835571,328.0765742041199,1577.4003686797753,0.40569019317626953,426.43207221441946,1836.6932935393259,0.6124175190925598,425.34344276685397,1933.2644253277153,0.010447114706039429,396.84310627340824,1940.9057525749065,0.027338862419128418,446.372893258427,1896.4138576779028
61,0.8054467667551601,0.9998878240585327,514.9335059691011,708.1604049625469,0.9999734163284302,580.855863764045,665.3117684925094,0.9997247457504272,486.7178721910112,662.4916608146068,0.9993793964385986,636.1888459737829,701.5399695692884,0.9990885853767395,413.9392409878277,695.9944112827716,0.9765715599060059,742.8772384129213,928.6850421348315,0.9553970694541931,306.8625643726592,946.7590560627341,0.9871740341186523,866.0077247191011,1251.9490285580525,0.9786527156829834,170.81980044475654,1278.1140273876406,0.9992663264274597,874.7941537921349,1069.4962839419477,0.9973385334014893,154.12515361657302,1103.038901568352,0.896021842956543,742.7637816011236,1484.3615402621724,0.8421706557273865,340.013825491573,1587.9529494382023,0.4198419749736786,422.7744616104869,1894.3321336610488,0.5950171947479248,385.8148261938203,1871.3923513576779,0.014240801334381104,393.34379389044943,1934.9076837546818,0.032848358154296875,446.9067474250936,1899.8292661516855
62,0.8130235742120182,0.9998934268951416,516.3316362359551,708.0408034878277,0.999966561794281,582.1720651919476,664.366880266854,0.9996248483657837,488.91502808988764,661.8355717462547,0.9994077086448669,636.3926439606741,700.7533795646068,0.9989099502563477,416.59468632958806,697.3729371488764,0.9711658358573914,740.4278587312735,929.3937997425094,0.9432895183563232,309.87630208333337,941.2448062968165,0.9913276433944702,872.0264220505619,1241.8457397003747,0.9727420210838318,189.55367070458806,1279.6371722846443,0.9994422197341919,876.0996020599252,1032.1159585674159,0.9987882375717163,189.373207806648,1147.0122308052435,0.8228094577789307,732.3572097378278,1530.3969159644196,0.8215827941894531,323.09661750936334,1574.211873829588,0.5244306921958923,425.6170265683521,1892.0774812734082,0.7348790168762207,387.0626316713483,1872.4192415730338,0.014541089534759521,461.4501404494382,1884.9237769194758,0.02859973907470703,440.3386879681648,1897.7473958333335
63,0.8064351888263926,0.999893307685852,517.1400983146068,707.6076047518727,0.9999628067016602,582.8341526217229,663.8990080758427,0.9995633363723755,490.0809778792135,661.4408503043071,0.9995666742324829,637.5509860720974,700.5865958567416,0.9988909363746643,417.08011470037457,697.7416900749064,0.9803804159164429,758.8020833333335,931.69687792603,0.9633675217628479,287.37520482209743,942.2524578651686,0.9891405701637268,854.1109257958801,1228.6590004681648,0.9889543056488037,210.20891853932585,1286.6470622659176,0.9987161159515381,879.8889571629213,996.2372717696629,0.9986273050308228,164.5522076896068,1178.4650778323971,0.660193920135498,475.1184310627341,1526.7535697565543,0.7716502547264099,340.17951193820227,1551.953125,0.5627626776695251,429.7672343164794,1885.3610720973784,0.754082202911377,384.88939606741576,1875.690543071161,0.028970390558242798,477.50241397471916,1898.3892205056181,0.01467546820640564,426.51685393258435,1912.8831636235955
64,0.7650912456652698,0.9998961091041565,517.8155723314607,707.6525924625469,0.9999561309814453,583.4667602996255,663.6139396067416,0.9996235966682434,471.41700316011236,662.2353405898876,0.999501645565033,637.8040876638577,700.866251170412,0.9988833069801331,418.3405021067416,698.7428312265918,0.980575680732727,751.2915496254682,928.859140917603,0.9737371802330017,298.74151451310865,944.8675971441947,0.9942567348480225,877.8825784176031,1232.1272237827716,0.9493273496627808,212.49151451310865,1282.7011645599252,0.9967155456542969,879.1902212078653,984.1224104634832,0.9975045919418335,188.58837341994388,1209.1194844335207,0.6014728546142578,472.67724426498125,1520.8557174625469,0.6697856187820435,346.281015917603,1553.2587195692884,0.3189048171043396,643.2284351591761,1934.9697155898878,0.5061879754066467,415.6660375702247,1935.5498010299625,0.006966531276702881,441.15219744850185,1914.7065191947565,0.013255506753921509,373.5652943586142,1944.6630676498128
65,0.77961064787472,0.9998955130577087,519.2319171348315,707.311563670412,0.9999376535415649,584.8596968632959,663.662658005618,0.9996198415756226,472.6101650280899,661.7218223314607,0.9995095729827881,639.742655664794,698.8447302200375,0.9987622499465942,419.176176264045,698.8390976123595,0.983989953994751,748.9897150046818,927.8919417134832,0.9760617017745972,302.76970681179773,948.5314255617977,0.9928442239761353,874.853991104869,1229.7470447097378,0.9669061899185181,230.9464243913858,1276.9341058052435,0.9927243590354919,880.0169709737829,970.7993182350187,0.997661292552948,188.07781776685397,1214.1736159878278,0.6937083005905151,695.8793451544943,1545.9231624531835,0.7708868980407715,346.35767790262173,1567.5052668539327,0.34341204166412354,655.5481917134832,1907.758368445693,0.5053839683532715,417.14851065074913,1932.460791198502,0.011620968580245972,894.5726533239701,1000.9580553604869,0.020456284284591675,436.5679131554307,1916.8505676498128
66,0.7954926560906803,0.9998971223831177,519.3930682350187,707.2502633426966,0.9999409914016724,584.7141268726592,663.4069229868915,0.9996291995048523,472.0501960440075,661.8418627106741,0.9995415210723877,641.4597963483147,696.8109930945693,0.9987250566482544,417.15216818820227,699.8849338717229,0.9798157215118408,753.6311300327716,931.1582689606741,0.9690581560134888,299.5556091994382,946.769224016854,0.991578996181488,874.3511528558054,1234.1012698970037,0.9579647779464722,227.74607911985026,1283.648905664794,0.9980093240737915,879.4926264044943,984.890859082397,0.9969547986984253,196.75773934925098,1215.0806852762173,0.7676304578781128,694.5420031601125,1538.9137113764045,0.8011291027069092,345.7958801498128,1572.636645599251,0.4052114486694336,414.69788740636704,1905.1855102996255,0.6067396402359009,390.21718457397003,1884.7834737827716,0.02088955044746399,446.5961493445693,1902.7080407303372,0.03065928816795349,435.9263810861423,1911.8888986423221
67,0.8058911982704612,0.9998942613601685,519.3319142088015,707.0114992977528,0.9999510049819946,584.1085118211611,663.3230922284645,0.9996395111083984,472.2918861189139,662.9553634129213,0.9995989799499512,641.2379301264045,695.9835849719101,0.9986324310302734,417.70767497659176,700.7740080758427,0.9754429459571838,749.0483819054307,931.5183900983146,0.9392948150634766,287.23248771067415,944.9874912219101,0.9910551309585571,859.7581636235955,1247.0856741573034,0.9847252368927002,222.20951837546818,1295.646652621723,0.9986739754676819,872.3882256554307,1009.3322068117977,0.9988376498222351,179.55517029494388,1179.9575725655432,0.6942406296730042,696.5241690074906,1535.2915788857679,0.8461308479309082,330.0106068586142,1562.4923923220974,0.5140873193740845,417.3878599016854,1901.9768258426966,0.7185040712356567,385.77020423689146,1876.6299449906367,0.016475260257720947,441.88728932584274,1912.6604927434457,0.024966299533843994,431.9307408707865,1921.278675093633
68,0.8077307501259972,0.9998970627784729,518.0244177200375,707.3189518960675,0.9999653697013855,582.3672313904494,663.5470066713483,0.9996703863143921,488.6414442883895,663.929219335206,0.9996357560157776,639.1575959737829,695.4035726825842,0.9986720085144043,416.88955699906364,699.9542076310862,0.9687275886535645,745.8943410580525,929.4700228230338,0.9293205738067627,283.95767497659176,939.6608731273409,0.9941297173500061,857.7234023876406,1260.7402855805244,0.9370611310005188,197.22297811329588,1290.631729868914,0.998476505279541,865.322741104869,1048.731346558989,0.9966950416564941,194.36307642790268,1154.9307993913858,0.7208752632141113,691.9019926264045,1527.9833801498128,0.8927526473999023,337.455085440075,1567.6255266853934,0.600995659828186,418.1518463249064,1890.5993972378278,0.6406324505805969,377.6962634597379,1872.1180067883895,0.024202466011047363,446.5355805243446,1901.109696863296,0.02971312403678894,433.7090355805244,1910.3754096441949
69,0.798334935132195,0.9999030828475952,518.3413067649813,707.7352528089888,0.9999712705612183,581.7243094569288,663.8352206226592,0.9997247457504272,487.04229576310865,665.1859492041199,0.9996379613876343,638.7981331928838,695.719218164794,0.9986400008201599,416.7916812968165,700.7750321863297,0.9719984531402588,757.4035873127341,937.533283590824,0.9440145492553711,310.492816596442,941.2417339653558,0.9968976974487305,839.1093164794008,1275.6918597846443,0.9560422897338867,179.37884041432585,1277.4600596910113,0.9986580610275269,859.9682525749065,1090.8037804307116,0.9975390434265137,174.656410931648,1116.8178692649813,0.8447297811508179,696.0503716058054,1523.9284878277153,0.7994092702865601,324.8338746488764,1561.2031835205994,0.47234025597572327,417.72076896067415,1902.0963541666667,0.5646570324897766,387.4807613529963,1877.5305770131088,0.010822564363479614,762.1067415730338,1671.4919826779026,0.01670783758163452,371.87997425093636,1941.7355746722847
70,0.7846257511307212,0.9998911023139954,517.2465326544944,708.1842521067416,0.9999732375144958,580.7358965355805,663.844218164794,0.9997838735580444,484.2485223548689,666.3287833567416,0.9996354579925537,637.901012406367,696.2700433052435,0.9990024566650391,413.74275807584274,701.0946278089888,0.9391994476318359,751.2687997425094,936.904918656367,0.9649606347084045,289.9346032303371,940.1314518960675,0.9842745065689087,821.7310393258426,1281.5696687734082,0.9773188829421997,186.5766180945693,1277.918129681648,0.9988522529602051,858.7567298689139,1126.226006554307,0.998778223991394,168.4438641151686,1083.2924420646068,0.8641928434371948,684.0104898174159,1526.2068410580525,0.8413597941398621,348.2149022705993,1570.8462078651685,0.24257108569145203,663.4732707162921,1904.1774929775281,0.47708138823509216,406.1565133426967,1929.2345505617977,0.012340337038040161,757.5247249531835,1659.9192415730338,0.03942224383354187,369.4605132256554,1940.545558286517
71,0.7890665846712449,0.9998778104782104,514.6068147237828,708.6042105571162,0.9999788999557495,577.2398759363297,663.8551176264045,0.9998525977134705,481.2470008192885,666.4818878745318,0.9997503757476807,637.1479985955057,691.0811680711611,0.9987190365791321,412.3533327481274,703.0828651685393,0.950978696346283,742.7197448501872,932.1194698033709,0.9744957685470581,287.50621781367045,934.7297079822098,0.9713588953018188,827.6989700374531,1277.33672752809,0.9903541207313538,174.27262552668537,1277.9842579588014,0.9976838827133179,854.7202715355807,1153.3584240402622,0.9985438585281372,159.86339097612358,1049.971324906367,0.7921356558799744,686.033985838015,1521.7365987827716,0.8835769891738892,340.7611335440075,1555.9429131554307,0.3341413140296936,419.64192708333337,1911.4340472846443,0.4792688190937042,391.0539559925094,1882.9390507958801,0.023590445518493652,760.0866104868915,1675.1604927434457,0.01982477307319641,368.99761528558054,1941.9387874531835
72,0.7682251509498147,0.9998643398284912,512.8639981273409,708.9330963249064,0.9999791383743286,575.7320195458802,664.450711025281,0.9998687505722046,479.60732677902627,666.0876053370787,0.9997638463973999,636.6368211610488,690.7000526685393,0.9986128807067871,410.27877750468167,701.93125292603,0.9499194622039795,741.5543071161048,945.1348168305244,0.9774972200393677,286.83162160580525,933.1849836142322,0.9533601403236389,817.3991982677903,1273.617743445693,0.9861852526664734,181.00355512640454,1260.969832631086,0.9921420812606812,851.7194815074906,1174.5725070224719,0.998759388923645,164.7630647237828,1030.179219335206,0.6704511642456055,697.3933462078653,1553.6342755149813,0.7975237369537354,327.58785404962555,1592.266649110487,0.2932202219963074,415.06473841292143,1900.4773817883895,0.4158691167831421,408.3958040730338,1922.288594335206,0.008392274379730225,444.54361247659176,1907.415876638577,0.018418550491333008,372.08391853932585,1935.960469335206
73,0.758886481032652,0.9998531341552734,512.6076047518727,708.7892088014981,0.9999784827232361,575.6570400280899,664.3188933754682,0.9998710751533508,479.662262991573,666.0172343164794,0.999759316444397,636.758909761236,690.9069961376405,0.9986735582351685,409.38692357209743,702.0269341058053,0.9509949684143066,743.2049537687267,947.4340911750936,0.984470009803772,286.9326427902622,930.755939840824,0.9759883880615234,822.1493153089889,1271.415320692884,0.9933472871780396,172.25194580992513,1252.8206928838952,0.9937136173248291,837.2230512640449,1197.761879681648,0.9981954097747803,163.9088102762172,1020.0257490636704,0.6844474077224731,711.9643170646068,1576.881876170412,0.8331283926963806,336.56901041666674,1602.5623244382023,0.19857925176620483,418.3977791432585,1907.124297752809,0.2436732053756714,413.5287921348315,1935.6918597846443,0.011430740356445312,340.8379418305244,1812.4662043539327,0.03496593236923218,307.1692854634832,1724.4090882490636
74,0.7669643759727478,0.9998509883880615,512.223124414794,708.8799157303371,0.9999778270721436,575.9290876638577,664.4417866338952,0.9998630881309509,480.01455699906376,665.7241192649813,0.9997613430023193,635.9783181179776,690.1629067181648,0.998693585395813,409.25730044475654,701.7823911516854,0.9611111879348755,749.6883778089889,951.2712868679776,0.9768818616867065,284.11963073501875,931.9297167602997,0.974919319152832,809.8278031367042,1270.9671992041199,0.9903637170791626,178.14818878745325,1257.7014571629213,0.984485387802124,844.6084971910113,1176.3484609082398,0.9980289936065674,171.60148934925098,1025.2131612827716,0.6266945004463196,703.1327539794008,1578.7125468164795,0.8634296655654907,343.6303253745318,1589.0619147940076,0.1696249544620514,660.6127838249065,1894.3150163857679,0.3291868269443512,417.26160170880155,1944.2028031367042,0.025548100471496582,317.6018258426966,1723.1741573033707,0.13997304439544678,308.64992977528095,1738.7782361891386
75,0.7621826126294977,0.9998558759689331,511.77551498127343,709.0115870786517,0.9999784827232361,575.8488412921349,664.7607970505618,0.9998674392700195,480.5885709269663,664.6798923220974,0.9997255802154541,637.199057818352,690.4277124297753,0.9985459446907043,407.9092784410112,698.3781015917604,0.9597545266151428,739.4711200842696,942.0015507958802,0.9718694686889648,295.3641444288389,937.3147091526217,0.9437996745109558,816.7004623127341,1274.0759597378278,0.9897047877311707,176.6239466292135,1274.5534878277153,0.997527003288269,851.5665964419477,1162.4948794475656,0.9993581175804138,166.5926381086142,1047.760855571161,0.606455385684967,720.0801732209738,1577.5374531835207,0.7904736995697021,323.5675620318352,1588.8170060861423,0.2506748139858246,659.3632227294008,1878.5185510299625,0.41585445404052734,413.1653060627341,1943.3713717228466,0.010330259799957275,626.1099894662921,1935.260709269663,0.02332890033721924,312.9722612359551,1749.3858263108614
76,0.7856089946101693,0.9998563528060913,511.39015683520597,709.033751755618,0.9999793767929077,577.2190279728464,665.9194317649813,0.9998552799224854,481.4155401451311,664.7163213951311,0.9996518492698669,636.6338951310861,693.584606156367,0.9988226294517517,407.80723314606746,696.5368972378277,0.9626729488372803,747.439138576779,934.4149403089888,0.9604840278625488,290.7488442181648,935.9843896301498,0.968914270401001,842.2887406367042,1275.5656015917602,0.9899942278862,177.4050137523409,1282.4043188202247,0.9969663619995117,857.2293422284645,1143.9967374765918,0.9990705251693726,168.5183681530899,1070.646945224719,0.6538887619972229,744.8975889513108,1515.8062675561798,0.8384438753128052,324.33096324906364,1575.1992626404494,0.4705445170402527,431.4053721910112,1849.497746956929,0.4940340518951416,413.28776041666674,1932.556179775281,0.009796619415283203,460.3176937031835,1861.455699906367,0.012377232313156128,446.3588483146068,1894.716028792135
77,0.7828497115303489,0.9998451471328735,510.03701427902627,710.1250146301498,0.9999755620956421,576.7184573970038,668.6707777387641,0.9998286366462708,481.8916052200375,665.9787570224719,0.9996076226234436,636.7548133192884,694.5774081226592,0.9987470507621765,411.9504915730338,695.8578388342697,0.9526040554046631,740.3758485486892,930.4775280898876,0.9630904197692871,286.4776451310862,934.9857356039327,0.9751882553100586,843.5871664325844,1275.6990285580525,0.9817803502082825,172.8547079822098,1284.9300678838952,0.9983892440795898,859.5992801966293,1130.7944902855807,0.9966511130332947,163.56459942649815,1094.4763869382023,0.610021710395813,714.4849455758426,1590.793831928839,0.8092040419578552,331.30522881554305,1598.7906718164795,0.44930577278137207,434.97863998127343,1841.3815250468165,0.5424462556838989,410.4966935861423,1924.090004681648,0.012475341558456421,451.6136323735956,1882.6582982209738,0.01928451657295227,434.1746400983146,1898.354547050562
78,0.7874008627498851,0.9998423457145691,507.6963366104869,711.501492275281,0.9999719858169556,577.0589741338952,670.8889279026217,0.9998310208320618,481.79029143258435,667.2665759597379,0.9995682239532471,634.157742275281,693.462810159176,0.9986450672149658,411.35160639044943,695.744455173221,0.9386377930641174,755.9586405664795,928.6816040496255,0.9755358695983887,287.2938611891386,939.896491690075,0.9964186549186707,826.0083099250937,1276.0568820224719,0.9402379989624023,181.65894926264048,1277.1774051966293,0.998807430267334,859.855307818352,1106.9504184222847,0.9966965317726135,173.8497410463483,1127.6337195692884,0.6946432590484619,734.859843164794,1466.4296582397005,0.8975613713264465,324.88588483146066,1593.3387464887642,0.4000520408153534,431.5167076310862,1844.6048396535582,0.5099844336509705,411.4949818586142,1926.2754564606741,0.026703089475631714,738.6088922050562,1759.8163916198503,0.012677550315856934,375.14995903558054,1938.9248302902622
79,0.7867189487990212,0.9998362064361572,507.8134509597379,711.1072097378277,0.9999717473983765,576.7440601591761,671.0167222612359,0.9998356103897095,481.6376989700375,667.3527475421348,0.9995380640029907,633.961405664794,694.3548103932585,0.998877763748169,406.2595827481274,697.2629915730338,0.9611375331878662,744.0984170177903,924.8141239466293,0.9661579132080078,287.80116163389516,944.3318410580524,0.997822642326355,832.7716818820224,1268.1737183988764,0.9641765356063843,193.34262347846447,1284.7868387172284,0.9991203546524048,870.5923747659176,1079.830948618914,0.9973818063735962,188.21296377574913,1152.0755062031835,0.6747931838035583,711.1032595973784,1601.0349367977528,0.791475772857666,335.2355454119851,1590.963980571161,0.5145230293273926,429.14969569288394,1842.8167427434457,0.472173273563385,428.07430653089887,1930.0337956460676,0.016097664833068848,734.0698882256554,1767.2787921348315,0.021303027868270874,434.4303019662922,1905.6263167134832
80,0.8000043209861306,0.9997539520263672,505.5887172284645,710.8441596441947,0.9999778270721436,574.0651334269663,669.7196863295881,0.9998429417610168,479.9763723080524,665.4625321863296,0.9995754957199097,632.3591116573034,696.6357238998128,0.9983779191970825,409.89195634363296,695.8419651217229,0.9671051502227783,743.9878862359551,923.1854956694757,0.960684597492218,286.6874414794007,949.7649666432585,0.9964244365692139,828.8649929775281,1265.6460674157304,0.9725373983383179,199.40052961142328,1296.534849016854,0.9989293813705444,866.9105512640449,1071.1412248361423,0.9934049844741821,191.27084796348322,1166.6492567883895,0.8571999073028564,717.1618972378278,1547.2075433052435,0.8218988180160522,349.03579997659176,1588.5464946161048,0.45280420780181885,429.8891766151686,1845.0269194756554,0.5468278527259827,418.9927141853933,1932.4762991573034,0.016389429569244385,442.90042720037457,1890.9680770131088,0.018339157104492188,429.4034556413858,1903.0862301029963
81,0.810327889288173,0.9997290372848511,505.0736628043071,710.3272033005618,0.9999762773513794,573.5916286282771,667.8498068820224,0.9998438358306885,477.879067181648,664.2079236891386,0.9997144341468811,631.5373361423221,694.824145599251,0.9979737401008606,409.3948238529963,697.3083450374533,0.9610207676887512,747.848124414794,923.7598753511236,0.958113431930542,287.83546933520597,952.2815718632959,0.9937788248062134,831.5259246254682,1265.6274871254682,0.9934264421463013,207.42560568820227,1300.104605571161,0.9985369443893433,865.8229459269664,1065.4599719101125,0.9959545135498047,165.69796787219104,1168.245479283708,0.8797827959060669,729.3570049157304,1531.5170002340824,0.8049984574317932,339.36622191011236,1586.2953534644196,0.5441046953201294,658.3850509129213,1890.070078417603,0.607150137424469,391.9117948267791,1885.3105980805244,0.016365379095077515,441.22490929307116,1904.0708391853934,0.025104403495788574,428.3756876170412,1909.6163974719102
82,0.8085978942758897,0.9997580051422119,525.580085440075,707.3343135533709,0.999976396560669,571.6948297050562,665.5920821629213,0.9998517036437988,473.9972495318352,663.2053195224719,0.9996768236160278,630.4517058754682,693.1561622191011,0.9978410005569458,406.95744089419475,698.8776480571162,0.9729713201522827,745.6454822097378,925.3555126404494,0.9713891744613647,295.060861423221,954.0862739934457,0.996811032295227,832.2448501872659,1265.8143141385767,0.9945703744888306,208.59945575842698,1300.0269194756554,0.9985502362251282,865.7293129681648,1067.5100948033707,0.9948413372039795,167.82442357209743,1180.6626726357679,0.7612783908843994,730.5231010065543,1540.1403031367042,0.7873252630233765,328.1865197799626,1540.78125,0.4981066584587097,418.01315250468167,1905.1846324906367,0.7290326356887817,392.3860311329588,1884.8267790262173,0.01748993992805481,451.82430653089887,1906.227908473783,0.026693910360336304,440.1840472846442,1913.9445809925094
83,0.8137031863717472,0.9997665882110596,525.390551849251,707.128833099251,0.9999761581420898,570.9761235955057,664.5308110955057,0.9998533725738525,473.1029816245318,663.2375058520599,0.9997096061706543,630.8881232443821,691.5117333801498,0.9978506565093994,406.49929775280907,699.0840063202247,0.9690799713134766,740.3555126404494,924.8528206928839,0.9792404770851135,299.0086610486892,954.9145599250936,0.9963687062263489,827.8594627808989,1267.2078359082398,0.9937720894813538,208.7964507256554,1312.4732268258426,0.9990392923355103,865.4081811797753,1071.686490519663,0.9972598552703857,164.83709328183522,1191.466965121723,0.7190663814544678,687.6389132724719,1537.2444112827716,0.8009551763534546,343.8950579353933,1575.3881378745318,0.6041884422302246,417.4010270365169,1891.9295704588017,0.6809817552566528,388.4473753511236,1872.6751228932585,0.04063194990158081,455.12633134363296,1899.8462371254682,0.05521368980407715,444.3109199438203,1911.0045060861423
84,0.8011362710419823,0.9997686147689819,525.6059076544944,706.8164794007491,0.9999746084213257,570.5149812734082,663.5368387172285,0.9998470544815063,473.3277007256554,663.1301205524345,0.9997380971908569,631.7805623829588,692.4301410346442,0.9978166818618774,406.50412570224717,697.9609228698503,0.9726026058197021,746.4283415262173,922.7272793773409,0.9783414602279663,295.9257227294007,956.1337634597379,0.997261643409729,819.7921055711611,1269.2418656367042,0.9764805436134338,224.62993036048692,1312.50468164794,0.9990693926811218,870.6928838951312,1082.271184456929,0.9958279132843018,168.4086786048689,1199.5999385533707,0.6971005201339722,691.8602966994383,1533.7191303838952,0.7132230997085571,348.3366982677903,1590.881027621723,0.626976728439331,414.81763518258435,1892.8982326779028,0.5992141366004944,387.2595534878277,1877.9160814606741,0.0339713990688324,454.12577539794006,1890.5300503277153,0.032102108001708984,437.94044066011236,1901.3134948501872
85,0.8058874186347512,0.999802827835083,524.5078417602997,706.5602323267791,0.9999697208404541,570.0097290496255,662.7397150046817,0.9998498558998108,472.21844276685397,663.0748917368915,0.9997726678848267,631.5883953651685,691.2080114700375,0.9974027872085571,403.55446804775283,695.9263079353933,0.9476078152656555,742.7511265215355,930.8158503043071,0.9736840724945068,294.11099894662925,953.3669095271536,0.9856700897216797,816.08204588015,1258.1729868913858,0.955426812171936,231.48847144194758,1298.1314372659176,0.9984021782875061,863.7337605337079,1114.9612301029963,0.9893834590911865,162.55296114232215,1195.3116953417602,0.8679653406143188,753.5829236891386,1507.8777504681648,0.748985230922699,339.580626755618,1582.0883075842696,0.602898359298706,419.75904143258435,1892.0685568820224,0.5778833627700806,403.3440133426967,1925.2993328651687,0.029013752937316895,454.74982443820227,1886.9212312734082,0.026367783546447754,439.92977528089887,1898.55936914794
86,0.8027370063697591,0.9998174905776978,523.5479576310862,706.0268170646068,0.9999710321426392,568.8859140917604,662.40000292603,0.9998618364334106,470.5754037921348,663.001960440075,0.9997663497924805,630.6375819288389,690.9729049625469,0.9979448914527893,402.5907069288389,700.1411809456929,0.9682052731513977,743.95313963015,929.0481624531835,0.9681706428527832,293.2236803604869,953.6587810159176,0.9779154062271118,844.3450081928838,1271.438436329588,0.9646651744842529,227.90993679775283,1286.8333040730338,0.998022198677063,862.2293422284645,1141.0644897003747,0.9895727634429932,171.87902329119856,1223.6750204822097,0.8766457438468933,752.1068147237829,1514.2480102996255,0.7634813785552979,341.2068410580524,1577.2087137172284,0.4801168441772461,417.1967169943821,1899.8595505617977,0.6276600360870361,401.3565806413858,1925.37423923221,0.019037336111068726,447.7724865402622,1902.350479868914,0.015674710273742676,435.03021125936334,1913.6886996722847
87,0.7820280001443976,0.9998123049736023,521.7562031835206,706.0852645131087,0.9999704360961914,567.298981741573,662.5864641853933,0.9998630285263062,468.42733204588023,663.1447507022472,0.9996158480644226,628.2080992509364,693.2634743679776,0.9976973533630371,400.7190718632959,699.3446424391386,0.9504871964454651,744.6247366573034,942.363208099251,0.9684174656867981,290.1689782303371,956.562426849251,0.9866411685943604,825.8383075842696,1266.7591292134832,0.971970796585083,239.38026685393265,1270.2052610018727,0.9933106899261475,863.1222202715355,1173.76719042603,0.9828519821166992,178.34774403089887,1245.037892088015,0.7926056385040283,731.8744879447565,1515.460703417603,0.7267696857452393,420.2659761235956,1516.2286399812735,0.23140358924865723,431.4298776919476,1904.91017088015,0.6732778549194336,379.0669621956929,1886.441801264045,0.01237758994102478,482.40117333801504,1925.6113939606741,0.007403373718261719,476.3469978932585,1927.5819288389514
88,0.758277135736802,0.9998209476470947,522.179307116105,706.32578417603,0.9999728202819824,567.7980161516854,663.0571161048689,0.9998584985733032,468.57377984550567,663.2454792837079,0.9997303485870361,629.913901568352,692.093281835206,0.9977160692214966,399.8404582162922,701.0055301966293,0.9461972713470459,746.0513225655432,947.8138167134832,0.9793627262115479,298.89681355337086,954.4374707397004,0.8573837280273438,809.703593164794,1248.1444580992509,0.8336299061775208,252.09276977996262,1146.71406835206,0.9936013221740723,835.1107502340824,1244.987418071161,0.9743562340736389,202.86941128277158,1266.3035463483147,0.8485387563705444,726.8092374765918,1511.8616865636704,0.7693808674812317,330.7315074906368,1551.8782186329588,0.1648567020893097,639.5073297050562,1947.514922752809,0.5076987743377686,412.72142731741576,1937.3515039794008,0.009056717157363892,751.8652709503747,1669.0674742509364,0.009549617767333984,367.32019545880155,1950.684691011236
89,0.7663276738980237,0.9998180866241455,522.9356127106741,706.4662336142322,0.999971866607666,568.4426205524345,662.8898934925094,0.9998555183410645,469.69466877340824,663.4617860486892,0.9997589588165283,631.4681355337079,690.6538213951311,0.99757319688797,402.8438816713483,698.8400485720974,0.9561427235603333,743.7595827481273,945.8853435159176,0.9875532388687134,294.37682876872657,952.9348080524345,0.9077486395835876,830.3165964419477,1190.6910551264045,0.9818500280380249,246.14422401685397,1163.5354488529963,0.9870085120201111,862.1128862359551,1266.3702598314608,0.9427472949028015,213.78767263576776,1250.5933988764045,0.6856850385665894,504.45517322097385,1593.4786107209738,0.7553396224975586,335.8530108848315,1533.9028850655432,0.22829508781433105,427.8854312968165,1938.9179541198503,0.5741998553276062,382.0648993445693,1889.737827715356,0.013938277959823608,461.6526948735956,1916.3181764981275,0.01008450984954834,370.1411077949439,1948.5331811797753
90,0.7793659813263837,0.9998136758804321,522.4362125468165,706.3440718632959,0.9999719858169556,568.2002721207865,662.4791520365169,0.9998624324798584,469.0513079353933,663.705231741573,0.9997158050537109,630.5604810393259,689.7361452481274,0.9973526000976562,401.4828388342697,699.1089507256554,0.9480700492858887,744.3064577481273,946.8400339419476,0.9852254986763,290.5091292134832,952.9789179541199,0.9792776703834534,824.3733906835207,1191.090311914794,0.9754652976989746,216.74779084737827,1174.8776919475656,0.9906615614891052,872.6980922284645,1287.1090823970037,0.9357489347457886,195.00534000468167,1260.3155723314608,0.6504324078559875,485.4552902621723,1579.9404552902622,0.8490003943443298,332.55859375,1549.8911516853934,0.23992213606834412,431.7033883426967,1907.2409000468165,0.6725614666938782,407.03234726123594,1932.2880091292136,0.014195412397384644,548.6035522003746,1939.048601357678,0.011944353580474854,534.8053458567416,1934.9406015917605
91,0.774532510953791,0.9998112916946411,522.2390712780899,706.2987915496255,0.9999715089797974,567.8046728698503,661.9478581460675,0.9998644590377808,468.9421670177903,663.6034058988764,0.9997290372848511,630.9348665730338,689.7697214419476,0.9970221519470215,402.0766766151686,697.4983175327716,0.9495257139205933,736.5834942649813,946.1352996254682,0.9848204851150513,288.6703388342697,960.6434339887641,0.967231810092926,838.5162102059926,1199.093442766854,0.9882774353027344,222.48215121722853,1193.340867860487,0.9946960806846619,864.0744967228466,1335.772033005618,0.9724299907684326,171.09674918071164,1322.0120845037454,0.5165316462516785,674.4458099250937,1549.8124414794008,0.8913557529449463,325.8314314138577,1552.5364290730338,0.2532528042793274,429.2734667602997,1912.6147003745318,0.6162784695625305,378.8789647705993,1892.8568293539327,0.01920899748802185,488.47122249531833,1918.2588658707866,0.017045050859451294,482.3684749531835,1935.9057525749065
92,0.7733432177235099,0.9998513460159302,519.3651977996255,705.1196746254682,0.9999690055847168,564.6692123127341,661.1537336142322,0.9998575448989868,467.4115607443821,662.7958216292135,0.9996689558029175,629.471485838015,690.4969130383895,0.9968904852867126,400.72850830992513,698.2126345973783,0.9471628665924072,734.0665232911986,945.2073823735956,0.9764792919158936,291.5539413623595,955.9197975187266,0.9873887300491333,847.0763108614233,1215.9050210674159,0.9696102142333984,214.62649227528095,1209.3406922986892,0.9961762428283691,880.801878511236,1391.7317708333335,0.9815895557403564,179.84590794709743,1363.6073560393259,0.6660629510879517,678.0476065074906,1542.9826486423221,0.8443609476089478,318.8605307818352,1534.6304424157304,0.26016002893447876,636.0819727294008,1940.631729868914,0.49682480096817017,411.3341965121723,1935.3512698970037,0.012666136026382446,497.6408883426967,1927.4051966292136,0.01211559772491455,491.17209445224717,1941.2990110018727
93,0.7800547340336967,0.9998552799224854,519.2871459503746,704.7542866338952,0.9999685883522034,564.6071804775281,660.6141736891386,0.9998586773872375,467.66020014044943,662.5778323970038,0.9996603727340698,628.9009831460673,689.8746196161048,0.9969343543052673,401.18453007958806,697.7537599485019,0.9590529799461365,726.5401158707866,952.9390507958802,0.9640172123908997,293.7532186329588,954.8398730102997,0.9954583644866943,838.8129096441949,1243.123683286517,0.9671477675437927,220.965004681648,1202.4039530664795,0.9950644373893738,880.4656776685395,1426.6413565074906,0.9847725629806519,172.32710820458806,1401.819844335206,0.7737991213798523,674.6550942181648,1540.6153441011236,0.8614351749420166,329.49299215823976,1520.6448970037454,0.2254161238670349,633.8908151919477,1940.6977118445693,0.4961903691291809,407.1125204822098,1940.0694932116105,0.03140974044799805,866.7935100655432,1437.0095973782772,0.01088935136795044,744.7835469335207,1681.3894253277153
94,0.7687075401053709,0.9998584985733032,519.6049859550562,704.4638781601124,0.999966025352478,564.8449204119851,660.0490841526217,0.9998561143875122,468.39309749531833,662.4442591292135,0.9997023940086365,630.109214068352,688.0051059222847,0.9969322681427002,401.9861159878277,697.9812587780899,0.9342600107192993,716.0575403792136,952.4388459737828,0.981282651424408,301.5468457397004,953.1741573033709,0.9956687688827515,847.0729459269664,1254.9049040262173,0.9783207178115845,217.09474485018734,1224.3388635299625,0.993604838848114,845.9396945224719,1459.3378394194758,0.991992712020874,172.22451427902627,1441.287745786517,0.6542711853981018,679.4090882490636,1549.247425093633,0.8811063170433044,334.2821716994382,1521.0513225655432,0.2218461036682129,630.2763635299625,1940.050474016854,0.4109504520893097,417.7084796348315,1942.1564840823971,0.011231809854507446,839.9749824438202,1462.3912979868915,0.017177313566207886,347.50241397471916,1909.3925561797753
95,0.7896374078357921,0.9998517036437988,521.317737593633,704.2019253277153,0.9999632835388184,565.1702949438203,659.0654260299626,0.9998538494110107,469.3964331694757,662.3520160346442,0.999718964099884,630.7395540730338,689.0360194288389,0.9970695376396179,405.0269194756554,701.2658005617977,0.9479812383651733,714.2045587546818,952.5172635767791,0.9626378417015076,301.03332748127343,964.8197565543071,0.9889920949935913,833.3781015917602,1246.1949906367042,0.9659709930419922,225.28536107209743,1220.8121196161048,0.9978391528129578,874.7325608614233,1481.5042720037454,0.9924685955047607,182.2436431999064,1474.3043363764045,0.6622427701950073,672.7029933286517,1570.550386235955,0.855837345123291,327.51967755149815,1514.284293071161,0.2954082489013672,424.93584679307116,1926.6602294007491,0.7202508449554443,422.8230337078652,1923.1261704119852,0.012273430824279785,378.18666608146066,1926.9455173220974,0.025476038455963135,367.6949467462547,1935.8113881086142
96,0.7835148204775417,0.9998373985290527,522.4388459737828,704.2856097846442,0.9999642372131348,565.8241163389514,659.5706051029963,0.9998573064804077,470.34885592228466,662.4009538857678,0.9997079372406006,631.3129096441949,689.0234375,0.9977277517318726,405.62931589419475,699.1994382022472,0.9579098224639893,705.7341409176031,951.9221822331461,0.9758452773094177,306.29111072097385,963.2245581694757,0.9960134029388428,829.3796816479401,1269.8418480805244,0.9401793479919434,210.4072302200375,1242.8644370318352,0.9973447322845459,865.7745201310861,1503.089302434457,0.9946750402450562,195.26019721441946,1501.038448033708,0.45804357528686523,720.490402621723,1423.3522062265918,0.894376277923584,334.37580465823976,1536.339536516854,0.38746222853660583,403.36522705992513,1847.2147120786517,0.6868733167648315,421.5772033005618,1912.6106039325844,0.014954805374145508,865.3404435861423,1532.9247132490636,0.01897948980331421,337.6146272237828,1912.6420587546818
97,0.7908368619049296,0.9998353719711304,522.8981595271536,704.1785902387641,0.999964714050293,565.9645657771536,659.7099572799626,0.9998632073402405,470.50181413857683,662.6908503043071,0.9997218251228333,630.6819844335207,688.6292281132959,0.9976898431777954,405.6390449438203,699.4084298923221,0.9563927054405212,704.2889747191011,951.2844540028091,0.9731399416923523,311.72438260767797,963.537423923221,0.9927765727043152,820.5945692883895,1276.7875117041199,0.9562757015228271,212.64366807116107,1271.2138635299625,0.9993801116943359,858.1949321161048,1510.546875,0.9965069890022278,205.22003745318352,1521.9937968164795,0.6368900537490845,677.4942210908241,1557.5131671348315,0.885948657989502,339.8117099719101,1541.5657186329588,0.27047526836395264,631.4745727996255,1940.5852059925094,0.7308371067047119,424.48201954588023,1923.4120435393259,0.02680760622024536,861.4652095037454,1546.9206460674159,0.021720975637435913,371.2159849016854,1936.627896769663
98,0.7697263026938719,0.9998098611831665,525.076954588015,704.584064840824,0.9999669790267944,568.211098431648,660.6649403089888,0.9998588562011719,471.79065718632967,663.0298308754682,0.9997206330299377,631.5534293071162,688.671875,0.9976252317428589,404.6365139279027,699.4346178604869,0.9640450477600098,703.9154669943821,948.51328417603,0.972379744052887,311.9809222846442,962.5204822097379,0.989753246307373,827.029933286517,1247.3024929775281,0.9867038726806641,217.66371137640454,1282.5570575842696,0.9982308149337769,855.4889396067417,1508.6990870786517,0.9933731555938721,221.97821570692884,1534.4297167602997,0.5284239053726196,666.3215414325844,1596.9913096910113,0.6199267506599426,345.60334737827714,1515.8848314606741,0.32737064361572266,399.203754096442,1845.683520599251,0.6659455299377441,427.7631232443821,1925.6942006086142,0.0228998064994812,455.4085469335206,1922.6742450842698,0.019313067197799683,444.84097027153564,1930.001024110487
99,0.7800947567995857,0.9997918605804443,526.0284263810862,704.7261967462547,0.9999683499336243,569.2686388108615,660.9203827247192,0.9998612403869629,472.51975070224717,663.2256554307116,0.9997286796569824,632.1047665028091,689.4648291198503,0.9976978898048401,404.82590121722853,699.6422928370787,0.9656583666801453,702.7937002574906,945.2713892790263,0.9665929079055786,313.05301966292143,961.8119440543071,0.9776561260223389,809.8013225655432,1263.744147940075,0.9848381280899048,222.61982092696633,1288.1112476591761,0.99497389793396,846.188992275281,1510.8226533239701,0.9984517693519592,203.89359492041206,1542.008280664794,0.6439186930656433,669.8779845505619,1520.2506144662923,0.6407642364501953,358.9347056413858,1517.5225304307116,0.4668719470500946,393.8941069756554,1834.0625,0.5730799436569214,427.896330758427,1928.2758368445693,0.034518688917160034,393.28490753745325,1915.9272588951312,0.017238140106201172,438.86952832397003,1922.1696512172284
100,0.7844692941974191,0.9997531771659851,527.4707397003746,705.6247805477528,0.9999659061431885,570.0434515449439,661.2647764513109,0.999862551689148,473.0613588483146,663.8960088951311,0.999722957611084,632.9487066947565,690.8143872893259,0.9980387091636658,405.9320868445693,700.8868065308989,0.9518206715583801,700.2186475889514,948.6925035112359,0.962017297744751,311.726796582397,962.5543510065544,0.9744224548339844,809.1691537921349,1267.151802434457,0.9794358015060425,229.6004506086142,1287.6084094101125,0.9962435960769653,840.4574847846443,1515.3533181179776,0.9987595677375793,219.24237769194758,1549.7397296348315,0.571536123752594,677.6390595739701,1467.551498127341,0.6607373952865601,404.2808549859551,1526.8189665262173,0.5386688709259033,397.57256554307116,1834.1407713014983,0.6123985052108765,432.8188641151686,1923.3699087078653,0.05673518776893616,452.2758661048689,1896.4477996254682,0.03585922718048096,439.50550093632967,1910.5101533239701
101,0.777986566810047,0.9997520446777344,527.5344540028091,705.6007871020599,0.9999665021896362,570.0149959035581,661.3606770833334,0.9998592138290405,473.01081168071164,663.967111423221,0.9997162222862244,632.6164559925094,691.2333947799626,0.9980238676071167,405.80282947097385,701.4369733146068,0.9477499723434448,700.0535463483147,946.7087283473783,0.9655703902244568,313.5700491573034,961.5477966994382,0.9856617450714111,803.9319259129213,1268.4568117977528,0.9736276865005493,239.4419329353933,1287.9971324906367,0.9964318871498108,837.0469042602997,1519.8175620318352,0.9988760948181152,231.58503043071164,1552.5282361891386,0.5049948692321777,686.2570224719102,1466.08906835206,0.6862718462944031,396.7308930243446,1523.3127048220974,0.4738036096096039,402.19247425093636,1838.7047928370787,0.6271958947181702,439.226723431648,1918.4414501404494,0.03859934210777283,453.57816889044943,1893.5940426029963,0.02967044711112976,439.5879418305244,1910.397501170412
102,0.7885656163972967,0.9997618198394775,527.589609667603,705.7140244616105,0.999967098236084,569.8592579588015,661.6218252574906,0.9998623728752136,472.912350772472,664.253204002809,0.9997111558914185,633.1609901685395,692.0114261470038,0.9981420636177063,405.9480337078652,702.3090033941947,0.9571743011474609,699.4987710674159,947.1177873361423,0.967312216758728,316.13895716292143,961.9226942883895,0.9827744960784912,806.6953417602997,1272.364378511236,0.9775338172912598,208.3110223548689,1263.515478698502,0.9976902008056641,830.752428604869,1523.598285346442,0.9981886148452759,239.5347612359551,1548.4762698970037,0.5504984855651855,671.0443732443821,1521.6628628277153,0.666053831577301,409.38158356741576,1530.1359140917602,0.5711632370948792,401.9479312968165,1841.7206519194758,0.6651855707168579,437.49882958801504,1921.9494674625469,0.04382842779159546,834.860867275281,1571.9608789794008,0.030767768621444702,436.3392439138577,1907.629623127341
103,0.7999419114168953,0.9997464418411255,528.729298338015,706.3943995786517,0.999967098236084,571.0921406835206,662.6122132490636,0.9998542070388794,474.84609082397003,664.9452832397004,0.9997438192367554,635.3018931413858,690.072419241573,0.9979220628738403,407.90393843632967,701.538360252809,0.9734632968902588,705.6544797518727,947.1388547518727,0.9662480354309082,312.4305799391386,962.7112593632959,0.9793243408203125,810.9097027153559,1272.014132724719,0.9716517329216003,219.1848080524345,1281.3673338014983,0.996476411819458,822.0785053838952,1528.4494967228466,0.997572660446167,251.67544475655438,1552.7943586142324,0.6045008897781372,656.6645452949438,1525.4083274812735,0.6417739391326904,415.23042485955057,1535.4650924625469,0.6927228569984436,439.1277504681648,1862.866631554307,0.6766992807388306,435.48103932584274,1914.4418597846443,0.06512242555618286,443.6895043305244,1894.0553312265918,0.036222994327545166,433.04321746254686,1919.9327013108614
104,0.8015134492341209,0.9997235536575317,508.13984960205994,707.9344422986892,0.9999663233757019,571.528045997191,662.6269165496254,0.9998555183410645,475.39494089419475,665.1380354634832,0.9997587203979492,635.4449028558054,690.0381846910112,0.9977312088012695,409.82217052902627,703.6085264513109,0.9715380668640137,706.1554892322097,945.8228727762173,0.9665102958679199,317.7708040730338,959.9659117509364,0.9748580455780029,809.4386411516855,1267.520628511236,0.9744267463684082,222.35413740636704,1280.1546406835207,0.9940340518951416,843.3748829588014,1521.1124765917602,0.9971317052841187,257.19123068820227,1548.533912687266,0.6666418313980103,682.8887962312735,1557.9835264513108,0.5667166113853455,414.7152972846442,1524.558900983146,0.7092232704162598,433.8367567883895,1870.4459269662923,0.7243654727935791,410.1674420646068,1873.996956928839,0.04899239540100098,823.7974016853932,1570.0882198033707,0.03425481915473938,440.8601065074906,1913.2174625468165
105,0.7772864664302153,0.9997522234916687,509.05657478932585,707.7051147003746,0.9999681711196899,572.6912892088015,662.8175474016854,0.9998602867126465,476.3402680243446,665.4609228698503,0.9997634887695312,636.8386440777153,690.7707162921348,0.998013973236084,409.2319171348315,703.995859667603,0.9761000871658325,714.673528206929,948.8320019897004,0.973581075668335,316.2973285346442,961.1619996488764,0.9701197147369385,811.3192006086142,1266.2921348314608,0.9748208522796631,226.11350070224717,1276.8287687265918,0.9967609643936157,835.2797284644196,1517.303517088015,0.9980035424232483,231.81084679307116,1548.7261528558054,0.5857408046722412,675.5268316947565,1569.7171992041199,0.5439615249633789,430.56823501872657,1576.952978698502,0.5167369246482849,431.79314431179773,1881.7563494850187,0.622269332408905,432.0908678604869,1927.7877750468165,0.0320112407207489,449.5153031367041,1889.7126638576779,0.02640572190284729,444.03294709737827,1906.1244733146068
106,0.7559886083883398,0.9997465014457703,508.9628686797753,707.5059252106741,0.9999673962593079,572.3936388108615,662.6181384597379,0.999854564666748,475.9832192181648,664.839141502809,0.9997621774673462,636.7108497191011,690.9088980571162,0.9977872967720032,408.04058403558054,702.0549508426966,0.9739207029342651,714.6774051966293,947.638913272472,0.9769514799118042,309.7310246956929,962.9167398174158,0.9602741003036499,835.557116104869,1236.2839419475656,0.9831323623657227,222.2505559456929,1277.8348841292136,0.9959025382995605,829.9439665262173,1513.558198735955,0.9967320561408997,227.7314489700375,1548.6013576779026,0.6933724880218506,660.5596032303372,1508.7656542602997,0.46555981040000916,424.12826252340824,1543.5881905430713,0.2532590627670288,424.9698618913858,1899.7214419475656,0.5288109183311462,425.7745932818352,1936.501638576779,0.012715905904769897,813.0702832397005,1562.7990402621724,0.014056980609893799,443.59996781367045,1912.3278031367042
107,0.7786722498781541,0.9997557401657104,509.2875848548689,707.7422752808989,0.9999679327011108,572.7187207397004,662.8408093398876,0.9998540282249451,476.297109082397,664.7861072097379,0.9997426271438599,638.0269048455057,692.3688407069288,0.9979842901229858,408.36244733146066,700.2304980102997,0.9709756374359131,713.5256466526218,947.544695107678,0.9794945120811462,305.0272852294007,963.7931589419476,0.9603924751281738,841.5269487359551,1261.2978405898878,0.9865850806236267,225.30489232209743,1272.4128043071162,0.9958844780921936,826.4413623595506,1514.318673923221,0.9970049262046814,231.54311505149815,1548.870698735955,0.7864172458648682,660.7566713483147,1505.3697038857679,0.5394468307495117,418.39858380149815,1545.3315191947565,0.4233870804309845,427.63562148876406,1897.2619674625469,0.5720245242118835,422.4933432818352,1933.6559281367042,0.017497897148132324,796.8984082397005,1559.6289794007491,0.011012941598892212,374.78493679775283,1950.923601357678
108,0.7689853310585022,0.9997574090957642,508.77348139044943,707.9338570926966,0.9999714493751526,573.5308403558053,663.5671962780899,0.9998602867126465,476.740475772472,664.9193878745318,0.9996750950813293,637.9947916666667,695.7792017790263,0.9980096220970154,409.4883836610487,700.4798689138577,0.9620109796524048,710.1060685861423,948.6245464653558,0.9795843362808228,305.3352498829588,960.3639249765918,0.9578573703765869,834.2288448033707,1238.374444054307,0.9894343614578247,226.59622249531833,1269.1423806179776,0.9958572387695312,822.7264747191011,1510.6920060861423,0.99790358543396,231.76373771067415,1548.9883251404494,0.6442387700080872,664.5992070458801,1496.1284234550562,0.5175566673278809,426.94529786985026,1522.3302902621724,0.35610371828079224,431.4033239700375,1890.2889454588017,0.6213060021400452,423.6116719335206,1933.1855688202247,0.025949537754058838,464.03901860955057,1887.0429541198503,0.027674198150634766,453.74473314606746,1903.1760592228466
109,0.765050991493113,0.9997440576553345,527.8714595037453,706.3144458099251,0.9999739527702332,572.6354751872659,663.903836025281,0.9998520612716675,475.80092755149815,664.6589712078652,0.9997347593307495,636.7942415730338,691.938202247191,0.9977211952209473,407.29707982209743,697.8466613998128,0.9550665616989136,717.8104517790262,946.7250409644195,0.9767037630081177,301.47903499531833,963.0710878979401,0.9656379818916321,830.629535346442,1232.8833099250937,0.9882580041885376,222.4750555945693,1269.7629915730338,0.9961512684822083,822.3728639981273,1515.284995318352,0.997901201248169,232.64425327715355,1548.2436505149813,0.6811157464981079,655.2806794241574,1543.1233906835207,0.5066802501678467,426.2487564372659,1578.1081753277153,0.2887674570083618,398.0001316713483,1847.80781835206,0.5994300842285156,402.15216818820227,1932.4411867977528,0.02875533699989319,461.72109082397003,1884.836873829588,0.024373173713684082,453.72966409176036,1901.2688728932585
110,0.7688212342122022,0.9997518062591553,507.7692679073034,708.2148291198503,0.9999753832817078,573.6644136235956,664.8423601357678,0.9998463988304138,477.1297840589888,664.9175591058053,0.999701976776123,638.0228084035582,695.0752721207865,0.9984529614448547,406.6588395365169,696.8063845973783,0.9542365074157715,700.3525866104869,949.7428019662922,0.9794798493385315,301.6396008895132,963.2026129447565,0.9608883857727051,830.3249356273409,1232.8069405430713,0.9866573810577393,222.71221032303367,1283.5630266853932,0.995391845703125,821.779611423221,1516.9889688670412,0.9980695843696594,234.32628160112358,1550.4370025749065,0.6869635581970215,667.6868270131085,1496.2137172284645,0.46064823865890503,482.95894779962555,1551.7319171348315,0.3261757493019104,424.07866631554305,1885.0545704588017,0.6466370820999146,401.04971324906364,1930.0444756554307,0.045663148164749146,456.7924128043071,1889.3474953183522,0.031421124935150146,448.1847641619851,1904.8705231741574
111,0.7437557700802299,0.9997978210449219,509.8098080524345,708.08827832397,0.9999773502349854,575.5710878979401,665.0147033005618,0.9998549222946167,479.3316947565544,664.8308754681648,0.9996262788772583,638.3751024110488,698.8185422518727,0.9984173774719238,410.33437207397003,698.3474514279027,0.9538428783416748,713.9374853698503,946.9249619616105,0.9811403751373291,305.8818322799626,958.255939840824,0.9591895341873169,840.0716877340824,1263.3529377340824,0.9707895517349243,217.37045002340824,1287.6937031835207,0.9954519867897034,819.9423572097378,1515.946716994382,0.998162031173706,237.38617743445695,1552.7231097846443,0.6245781183242798,670.6032742275281,1495.139132724719,0.430782675743103,424.6586786048689,1572.1431706460676,0.2027471661567688,421.773832514045,1903.3311388108614,0.5056986212730408,421.32980746722853,1937.9803078183522,0.016826868057250977,798.5159176029963,1568.46017673221,0.006964534521102905,453.06113939606746,1923.3166549625469
112,0.7443962184821858,0.9998261332511902,510.9407186329588,707.7799479166667,0.999979555606842,576.9007490636704,665.5206870318352,0.9998420476913452,480.9137991573034,665.628364934457,0.9995998740196228,638.3764191245318,699.6103259597379,0.9983038902282715,412.6664179541199,700.7165847378277,0.9492174386978149,697.1637991573034,948.220242275281,0.9798896908760071,299.58801498127343,960.8633251404494,0.9630832076072693,842.6603464419477,1266.7440601591761,0.9900389313697815,224.7368036048689,1277.196716994382,0.9952996969223022,821.160317181648,1513.5996020599252,0.9991562366485596,241.77295470505624,1555.1060685861423,0.6812748312950134,656.591175093633,1544.4913096910113,0.5358245968818665,418.7723109784645,1560.1818527621724,0.1304784119129181,426.8193322799626,1911.8271594101125,0.41406458616256714,409.9139015683521,1940.0302844101125,0.013950079679489136,798.1632578417602,1570.9395482209738,0.004906505346298218,288.2251433754682,1474.1574496722847
113,0.745658872758641,0.9998457431793213,511.5161224250936,707.7561007724719,0.9999799728393555,577.7136001872659,666.4082250702247,0.9998323917388916,482.07967579588023,666.1716555477528,0.9996070861816406,638.5644897003747,700.3830904728464,0.998221755027771,414.63519721441946,702.1053517088015,0.9479155540466309,696.9137698970037,951.1416637406368,0.9818606376647949,300.95915262172286,960.9378657537453,0.9669409394264221,843.7991573033707,1269.5131086142324,0.9818595051765442,229.54836727528095,1283.9574555243446,0.9970782995223999,822.366719335206,1515.319229868914,0.9988877177238464,244.0929307116105,1554.649315308989,0.6395242214202881,661.7341848080525,1528.9400456460676,0.5584932565689087,419.53176205524346,1541.9475655430713,0.17020094394683838,671.1456870318352,1912.7241338951312,0.4134942889213562,409.536955758427,1938.4116046348315,0.01460731029510498,798.444303019663,1572.5248712546818,0.007851213216781616,292.27959679307116,1472.9245669475656
114,0.7548952225376578,0.9998569488525391,512.1635065543071,707.9261031132959,0.9999783635139465,578.6765566479401,667.1439753043071,0.9998217225074768,483.27525163857683,666.7352089185393,0.9996079206466675,639.1371137640449,701.0878247893259,0.9980663061141968,416.83959503745325,704.3855337078652,0.9559056162834167,699.6676761470037,951.4295119382023,0.9815641641616821,301.74011001872657,960.0822945926967,0.9751118421554565,829.291022940075,1238.0780372191011,0.9845685958862305,230.09048747659176,1280.0095095973784,0.9972971677780151,824.1849543539327,1516.0356683052435,0.9990371465682983,245.29516327247188,1555.2861657303372,0.7002708315849304,656.37969627809,1540.0845622659176,0.5832183361053467,416.61641210205994,1543.4347202715355,0.1877622902393341,668.883134363296,1907.579002808989,0.4455879032611847,407.4795909410112,1939.1099016853934,0.01589342951774597,793.6524169007491,1569.5902095037454,0.0096701979637146,294.4604400749064,1470.9939723782772
115,0.7543126432334676,0.9998447895050049,511.77946512172286,708.7494879447565,0.9999780654907227,578.5181852762173,667.8224485018727,0.9998307824134827,482.0245201310862,667.0755062031835,0.9995830655097961,635.9276246488764,701.0424713249064,0.9985510110855103,414.846017673221,704.1297255383895,0.9598076343536377,715.666476474719,950.5360486891386,0.9791837930679321,305.94598548689146,959.4079178370787,0.9714968204498291,829.8007373595506,1233.620084269663,0.984665036201477,226.7603727762172,1281.1309105805244,0.9963706135749817,821.2267380617977,1513.2079529494383,0.9990593791007996,246.07882724719104,1556.7412804307116,0.646146297454834,662.9236159878278,1533.4020950374531,0.5569656491279602,425.0738822565544,1538.0246371722847,0.24866461753845215,653.5578329822097,1909.9688377808989,0.4633960723876953,407.7801673689139,1940.619001638577,0.012395769357681274,811.5980512640449,1570.538828417603,0.007375538349151611,295.8820517322098,1468.6123302902622
116,0.7662674924906563,0.9998414516448975,511.2425386235956,709.0971734550562,0.9999773502349854,578.7846734550562,668.4338424625469,0.9998254179954529,482.3395804073034,666.958830758427,0.9996144771575928,635.4784790496255,702.373595505618,0.9984387755393982,414.536955758427,703.1944932116105,0.963133692741394,715.6820575842696,950.1128716058053,0.9823532104492188,307.4465999531835,959.3517380617977,0.9775912165641785,838.2819815074906,1283.2775924625469,0.9845242500305176,226.30742333801504,1282.2508485486892,0.9971503615379333,821.4412160580525,1516.0255735018727,0.9990132451057434,243.6232297518727,1555.997337312734,0.7079100608825684,655.3628277153559,1545.9054599719102,0.5659278631210327,414.7441186797753,1539.6898408239701,0.20991238951683044,653.3170938670412,1908.4818293539327,0.6214608550071716,418.4367684925094,1940.1751228932585,0.011893361806869507,809.0431882022472,1571.942591292135,0.007979393005371094,381.37464887640454,1958.655635533708
117,0.7613164975362665,0.999870777130127,512.3404582162922,710.103435159176,0.9999728798866272,580.4648730102997,669.9357736423221,0.9998146295547485,483.98708157771534,668.7657274110487,0.9995492100715637,636.9172811329588,703.4580553604869,0.9982698559761047,417.91037570224717,707.6164559925094,0.9589135646820068,715.3806764981273,948.7489027387641,0.979996383190155,301.37252750468167,960.2027738764045,0.9643322229385376,809.9422109082398,1276.9996488764045,0.973695695400238,224.3989934456929,1289.2442064606741,0.9976800084114075,822.7892380617977,1518.8630910580525,0.9988613724708557,243.31182701310865,1555.678985252809,0.6944328546524048,656.6978288857679,1546.917573735955,0.564845085144043,426.25336493445695,1539.4858965355807,0.1643449068069458,434.96327832397003,1941.7592755149813,0.6229480504989624,403.5981390449439,1935.3597553838952,0.01532512903213501,811.2183988764045,1571.3012055243446,0.009527832269668579,295.0340150983146,1469.102586610487
118,0.7548717803814832,0.9998913407325745,512.6294768258427,711.0928721910112,0.9999715089797974,580.8623010299626,671.4009099953183,0.9998078346252441,484.2488881086142,669.1937324438203,0.9995144009590149,637.952656835206,704.8223168305244,0.9984691739082336,416.60178195224717,707.5402329119851,0.9601016640663147,713.3484755383895,947.4450637874533,0.9806203842163086,306.0813143726592,957.9382461376405,0.9615755081176758,809.7343164794008,1274.1447214419477,0.976265549659729,227.5675181413858,1284.4670236423221,0.9967789649963379,823.0108848314608,1516.6434047284645,0.9984549283981323,242.75222378277158,1555.0851474719102,0.7468621134757996,658.9908122659176,1544.2503511235955,0.49806761741638184,452.589609667603,1533.871722846442,0.10357034206390381,425.33949262640454,1899.9395774812735,0.5875821709632874,404.02738764044943,1936.6963658707866,0.018454641103744507,489.62715063202245,1918.8439255617977,0.006832122802734375,291.80111774344573,1477.8814080056181
119,0.7587544830406413,0.9999066591262817,513.1818381320224,711.9250351123595,0.9999663829803467,581.9670236423221,672.1486569522472,0.9997865557670593,485.15954178370794,669.7332923689139,0.999474287033081,638.0183462078653,705.6277065777153,0.9985332489013672,417.69992099719104,707.3137581928839,0.9552878141403198,700.4704324672284,949.0629389044944,0.9801435470581055,309.30536048689146,957.7020423689139,0.9793797731399536,808.4471558988764,1280.297430945693,0.978057861328125,226.97221734550567,1283.7859901685395,0.997287392616272,822.0422226123596,1518.8480220037454,0.9982807040214539,242.0014776451311,1556.6606683052435,0.7209885120391846,660.5841818820224,1535.8732736423221,0.5224034786224365,448.64217579588023,1581.2573150749065,0.16098344326019287,428.6731917134832,1894.2250409644196,0.5790206789970398,419.59569580992513,1937.2076896067417,0.021083205938339233,740.2619528323971,1693.5807291666667,0.008242666721343994,291.9379827949439,1475.1798045411986
120,0.7551587592152988,0.9999145269393921,513.7999619616105,712.6328417602997,0.9999617338180542,582.6465941011236,672.3910053838952,0.9997646808624268,485.64848139044943,669.6052785580524,0.999562680721283,638.9457514044943,706.2190572331461,0.9983772039413452,418.6892117275281,705.5604810393259,0.9592164754867554,704.6750643726591,948.6916988529963,0.9817567467689514,308.17642497659176,959.619762406367,0.9646749496459961,805.6371430243446,1280.929453417603,0.9835790395736694,227.77592462546818,1276.2501463014983,0.995472252368927,824.0374824438202,1516.9102586610488,0.9985135197639465,243.66938787453182,1555.0220915262173,0.5725952982902527,667.7626843398878,1533.9422401685395,0.483947217464447,441.8992860486892,1527.613676264045,0.31773462891578674,425.0384041432585,1892.905547752809,0.5573199987411499,421.4821804775281,1937.3125877808989,0.014440298080444336,814.6785756086142,1565.3738003277153,0.010867655277252197,295.83582045880155,1465.9609082397005
121,0.768947480355992,0.9999182224273682,513.8719422986892,712.8257402855805,0.9999587535858154,583.1661107209738,672.3325579353933,0.9997636079788208,485.5942766853933,669.7531162219101,0.9995815753936768,639.1148027855807,707.6304277855805,0.9984501600265503,418.2881993211611,705.3026246488764,0.9664744138717651,712.91798338015,948.5648554541199,0.9831709861755371,304.025705173221,960.8832221441947,0.9756205677986145,808.643199906367,1280.7553546348315,0.9834398627281189,228.392658590824,1275.366631554307,0.9950246810913086,827.1722846441949,1517.4863939606741,0.9988002777099609,244.80856448970042,1555.491719335206,0.6334494352340698,668.8322214419477,1533.9976884363296,0.564652681350708,439.6433169475656,1536.6135592228466,0.33407461643218994,422.72230512640454,1894.0099777621724,0.6102256774902344,423.1002750468165,1933.913126170412,0.017362982034683228,814.3660756086142,1566.6826135299625,0.012138664722442627,295.7780313670412,1468.330553604869
122,0.7603466370526482,0.999910831451416,513.2215589887641,712.691801264045,0.999964714050293,582.4177054073034,672.2415584035581,0.9997916221618652,484.8430916432585,669.8292661516854,0.9993725419044495,636.8536399812735,704.7815718632959,0.9983167052268982,418.5348636470038,706.372820107678,0.9617680311203003,701.8153089887642,947.3406776685393,0.9815055131912231,302.5041695926966,961.9521008895132,0.9731579422950745,808.0699906367042,1281.4529201779026,0.9808759689331055,225.72163213951308,1280.0728581460673,0.9967312216758728,826.3802083333335,1519.2326486423221,0.9987444281578064,243.88006203183522,1555.138986423221,0.630596935749054,671.7608848314608,1537.0963541666667,0.49143117666244507,415.62682876872657,1534.0306062734082,0.26888900995254517,423.7138635299626,1893.3782478932585,0.6183575987815857,420.5609199438203,1934.4935042134832,0.016766071319580078,266.0111628043071,1427.9931823501872,0.009712517261505127,294.72349016853934,1467.9588014981273
123,0.7658448973122765,0.999909520149231,514.2891941713483,712.0923308754682,0.9999593496322632,583.3977059925094,671.539603815543,0.9997462630271912,486.332660346442,669.0614027387641,0.9994570016860962,638.6998917368915,707.1234199438203,0.9983785152435303,418.69001638576776,703.8919856039327,0.9593688249588013,715.7000526685395,947.355234667603,0.9798058271408081,302.572419241573,961.170704588015,0.9776155352592468,807.8784819756554,1278.0875468164795,0.9779672622680664,231.13171523876406,1285.0203359082398,0.9946780204772949,829.6980337078653,1520.1610779494383,0.9988830089569092,245.53780430711618,1555.931794241573,0.5643634796142578,671.6826135299625,1532.9946453651685,0.5224113464355469,447.6210644897004,1538.270716292135,0.3717961311340332,677.0827481273409,1900.5998361423221,0.6397803425788879,419.58421114232215,1934.0373361423221,0.019985496997833252,817.895160346442,1565.9996781367042,0.015257328748703003,299.2181647940075,1464.5492450842696
124,0.7654306713272544,0.9999088048934937,514.9406747425094,711.987579002809,0.9999521970748901,584.0664501404494,670.5363412921348,0.9997410774230957,486.65459679307116,669.037189840824,0.9993212819099426,640.8724689840824,707.8958918539327,0.9980666637420654,420.5394867743446,704.9762260065544,0.9632347822189331,705.5699174859551,949.0614758895132,0.978401780128479,300.7620113529963,963.8746488764045,0.9681694507598877,809.3163330992509,1276.5919066011236,0.9615137577056885,235.6496518024345,1301.5704002808989,0.9962807893753052,829.0328007958801,1520.2099426498128,0.9985252022743225,245.43436914794006,1556.3017907303372,0.6138129830360413,675.3680945692884,1540.868591994382,0.5858437418937683,417.490783005618,1532.293129681648,0.395031601190567,676.9352030664795,1898.0957397003747,0.5158557891845703,407.67373302902627,1933.8983497191011,0.023022115230560303,275.55887172284645,1428.3772237827716,0.015639394521713257,293.2201691245318,1462.5880735018727
125,0.7644855432650622,0.9999082088470459,514.9414794007491,711.4269516619851,0.9999611377716064,583.2342872191011,669.9927580758427,0.9997503161430359,486.5356536750936,668.7474397237828,0.9994341135025024,639.8133192883895,707.2591877340824,0.9983255863189697,420.1110428370787,705.1732941245318,0.9659507274627686,706.0132841760301,949.0783005617977,0.9769207239151001,299.3621986189139,965.5553604868915,0.9748636484146118,809.2251872659176,1277.5743211610488,0.9545629024505615,235.15932233146066,1302.4928312265918,0.9953815937042236,839.7912277621724,1528.392585440075,0.9985340237617493,244.55224426498125,1556.378599016854,0.6303051710128784,673.8822565543071,1512.605775983146,0.5882196426391602,416.17355746722853,1533.2218515917602,0.38536536693573,422.02627574906364,1899.452978698502,0.4913378655910492,407.678048923221,1937.1298572097378,0.022905021905899048,273.969379096442,1426.021184456929,0.01452818512916565,295.64877399344573,1464.3470564138577
126,0.7656871904345119,0.9999117255210876,515.2650251638577,711.6494030898876,0.9999547004699707,583.8392439138577,669.8773993445693,0.9997543096542358,486.71728698501875,669.0585498595506,0.9994343519210815,639.5350538389514,706.0866543773409,0.9976680278778076,422.58017322097385,704.5954032069288,0.9533432722091675,703.1251463014983,951.0796319054307,0.9843260049819946,302.4119996488764,964.0578915028091,0.9641697406768799,810.4668480805244,1276.8498361423221,0.9716478586196899,239.82560861423224,1299.314138576779,0.9951925873756409,829.017585440075,1520.0201896067417,0.9987057447433472,245.41154611423224,1554.9411867977528,0.6397224068641663,664.8223168305244,1515.5236130617977,0.5720439553260803,424.38502165262173,1525.8829295411986,0.297033429145813,422.30775983146066,1890.5442415730338,0.5916063785552979,423.31241221910113,1935.3069405430713,0.04001343250274658,268.68701720505624,1422.0546582397005,0.012154310941696167,452.53057701310865,1918.6505149812735
127,0.7592596236397239,0.9999145269393921,515.4917924859551,712.075945107678,0.9999464750289917,561.3262230805244,666.8656367041199,0.9997400045394897,486.20208625936334,669.2206519194757,0.9993433952331543,640.1454968398878,705.2375204822098,0.9974414706230164,422.3341672518727,704.9150719803371,0.9668371677398682,715.0492304541199,952.6170411985019,0.980680525302887,305.76442532771534,964.1088044241574,0.9748193025588989,815.9464243913858,1274.8318995786517,0.967666745185852,238.7976942883895,1300.5680887172284,0.9953254461288452,829.9722027153559,1520.0386235955057,0.9988505244255066,245.50152153558054,1555.70780664794,0.5980896949768066,668.8449496722847,1510.6849836142324,0.48445266485214233,452.1756495786517,1533.7194229868915,0.370000958442688,422.91798338014985,1898.112271769663,0.5054484009742737,435.33605454119856,1934.0723022003747,0.05123406648635864,269.16227762172286,1424.641561329588,0.01762223243713379,459.3390829822098,1916.0865812265918
128,0.7585440435830284,0.9999113082885742,515.1324028558053,711.9408356741574,0.9999463558197021,584.850626170412,669.9698618913858,0.9997401237487793,486.48620376872657,669.0524783473783,0.9994031190872192,640.7391883192884,704.6701632724719,0.9972872734069824,422.6882168773409,704.4122337312734,0.9653056263923645,715.9859257958801,952.3429453417604,0.9830042719841003,304.8412628745318,964.6215911750936,0.9577218890190125,817.0648993445693,1275.4116924157304,0.9642617702484131,240.63260767790268,1299.7913740636704,0.9946010112762451,828.7677024812735,1519.5986949906367,0.9989138841629028,245.56487008426973,1557.24923923221,0.535977840423584,673.7066216058054,1504.5103288857679,0.47609633207321167,442.29656776685397,1531.7706870318352,0.4344767928123474,423.25294066011236,1892.990402621723,0.5185664296150208,412.1063758192885,1893.9906659644196,0.04462534189224243,481.6851006554307,1915.8175327715358,0.02540937066078186,458.83214829119856,1918.850948033708
129,0.7680893873467165,0.9999181628227234,515.7109521301498,712.4035873127341,0.999948263168335,561.4905196629214,666.8725128745318,0.9997190237045288,486.7728815543071,669.3442766853933,0.9993317127227783,641.3356595271537,704.632344335206,0.9977573156356812,422.4042456694757,704.8192444990636,0.9753818511962891,722.0202773876406,953.5625146301498,0.9828636646270752,305.4559486189139,963.7964507256555,0.9499590396881104,817.0747015449438,1272.4255325374531,0.9712084531784058,238.9344130383895,1301.227908473783,0.9954636096954346,829.3786575374531,1520.5910580524346,0.9988908767700195,245.81892263576776,1557.011645599251,0.5397048592567444,678.8745757256554,1565.603201076779,0.5393450856208801,439.8705963249064,1523.1836669007491,0.46251124143600464,422.9814782303371,1888.5194288389514,0.5613676309585571,410.6928107443821,1889.9824438202247,0.050285518169403076,475.68125292602997,1914.6513635299625,0.03386327624320984,455.6336317883895,1913.8427551498128
130,0.7564160946537467,0.9999251961708069,516.4672577247192,712.9543393024345,0.9999584555625916,566.2817474250936,668.5917749297753,0.9997357726097107,470.7550620318352,668.8783064138577,0.9991897940635681,640.592740519663,705.1953125,0.9977964758872986,423.7131320224719,705.4800152153558,0.9780825972557068,724.0586961610488,953.3462078651686,0.9838358163833618,312.47454353932585,962.0081343632959,0.9579707384109497,818.5561505149813,1265.4058403558054,0.9695339202880859,240.21308813202245,1295.7265332397005,0.9958556890487671,832.281718164794,1521.6811505149813,0.998762845993042,245.40013459737827,1558.2016619850187,0.5282993912696838,683.262889161985,1516.4358029026218,0.5855612754821777,423.50077539794006,1531.1525632022472,0.2515014410018921,424.888518258427,1889.2721500468165,0.5664331316947937,411.087897940075,1892.9985955056181,0.03732714056968689,267.4647413389513,1423.1156367041199,0.009303927421569824,454.2613968867041,1928.374297752809
131,0.7620667008792653,0.9999323487281799,517.2959825608615,713.8490461142322,0.9999668598175049,567.4926117743446,669.4785083099251,0.9997744560241699,470.4632636938203,671.6769077715356,0.9991213083267212,639.7193205758426,705.7802258895131,0.9980024099349976,424.3292807818352,706.7640303136704,0.962803840637207,717.8743855337079,951.8707572565544,0.9852785468101501,311.0527124297753,961.5346295646068,0.983254075050354,813.7178136704119,1267.5392088014983,0.9720224738121033,244.72926907771534,1294.6004506086142,0.9930659532546997,834.7559691011236,1523.0424859550562,0.9986988306045532,243.75563260767797,1555.118211610487,0.5273210406303406,675.607590121723,1508.5962371254682,0.5944823026657104,432.41916842228466,1523.6709971910113,0.41072845458984375,668.9840092462548,1894.8699379681648,0.48057493567466736,407.0411253511236,1895.1236247659176,0.036794424057006836,821.1484667602997,1581.8653441011236,0.013311654329299927,298.8149578651686,1467.4157303370787
132,0.7468046616105473,0.9999349117279053,517.2799625468165,714.1960732677903,0.9999668598175049,567.2324145599251,669.8866163389513,0.9997811913490295,470.73882256554305,671.830085440075,0.9991390705108643,640.0663477294008,705.9892907303371,0.9982095956802368,422.85968223314615,705.6281454822098,0.9662210941314697,729.5074760065543,951.0459825608615,0.9822685718536377,311.8166988529963,961.730161516854,0.977569043636322,816.6925620318352,1269.7154435861423,0.9685753583908081,239.11875292602997,1295.284849016854,0.9930517673492432,833.8610428370787,1522.6956051029963,0.9988260865211487,242.74125117041206,1557.2912277621724,0.48339980840682983,683.6379330524344,1506.9316186797753,0.6072827577590942,430.5065689372659,1530.9759772940076,0.2750304937362671,663.6710703417602,1894.702276451311,0.4007083475589752,402.6402299859551,1941.3908883426966,0.034270405769348145,820.1669300093633,1579.0170002340824,0.011443883180618286,298.45812851123594,1463.7589243913858
133,0.7655463762143079,0.9999333620071411,518.6412248361423,714.3699525983146,0.9999751448631287,569.2735399110487,670.5435832162922,0.9997885227203369,472.6232590121723,671.1165730337079,0.9991481304168701,641.0067006086142,707.929614349251,0.9966867566108704,427.2607238998128,706.9637318586142,0.9439626336097717,716.1478815543071,954.3541520365169,0.9848273992538452,314.0740578183521,960.9617128979401,0.981280505657196,816.0789735486892,1274.5796757958801,0.9652358293533325,241.89884714419475,1293.946190308989,0.9934528470039368,833.308900983146,1520.9222846441949,0.9988584518432617,241.0323033707865,1555.4291022940076,0.564171314239502,680.0934135065543,1511.3022296348315,0.6227560043334961,432.6953125,1527.4559632490636,0.34261998534202576,668.068673923221,1893.5691713483147,0.5679557919502258,409.7354137406368,1889.2602996254682,0.03749224543571472,483.8077159410112,1923.231653792135,0.016143471002578735,479.16030255149815,1936.4518960674159
134,0.7669970323057735,0.9999303221702576,519.8634275514981,714.0009802200375,0.9999756813049316,570.3711669007491,670.3641444288389,0.9997758865356445,473.49272881554305,670.9428400046817,0.9991964101791382,642.9394165496255,707.8007958801498,0.9969644546508789,426.79548513576776,706.3491192649813,0.951482892036438,725.2059193586142,955.9956548455057,0.9850746393203735,315.5279289559925,960.0639337546817,0.9580597281455994,817.3946629213483,1268.571658473783,0.9660475850105286,238.45132549157302,1294.3755852059926,0.9938503503799438,832.1408298220974,1519.3657830056181,0.9988942742347717,240.60715121722853,1554.5666549625469,0.5273513197898865,685.0466701779026,1446.4707689606741,0.7580810785293579,416.79665554775283,1538.9755969101125,0.2402212917804718,671.0009948501872,1899.4689255617977,0.6157062649726868,404.7000819288389,1934.3173572097378,0.03511786460876465,483.04416842228466,1919.67579588015,0.013219505548477173,292.07272647471916,1469.1995845037454
135,0.7625708562486312,0.9999312162399292,521.8755120552435,712.5382578417604,0.9999751448631287,570.7176088483146,669.6226152855805,0.9997613430023193,476.63404143258435,668.0206870318352,0.9991884231567383,643.2959533005619,707.1103259597379,0.9971747398376465,427.2370230571162,704.9964156132959,0.9584579467773438,723.6825550093633,955.1876316713483,0.9862871170043945,311.08584971910113,961.4769867743446,0.9530874490737915,810.301088483146,1280.6953710205994,0.9582211971282959,237.89589185393265,1295.9004857209738,0.9943139553070068,828.0114700374531,1520.838600187266,0.9986149072647095,240.37672635767797,1553.7975479868915,0.6749825477600098,673.5514688670412,1509.13594335206,0.6608156561851501,435.26465941011236,1537.739934456929,0.25758421421051025,427.2781337780899,1892.4234843164795,0.48403266072273254,418.40882490636704,1941.5883953651687,0.02884352207183838,818.9265859082398,1571.5351416198503,0.012432515621185303,293.4685890683521,1473.8095447097378
136,0.7473842308801764,0.9999359846115112,525.9560071395132,712.0526100187266,0.9999809265136719,574.5065250468165,670.1932642790263,0.9997744560241699,481.29915730337086,666.8867041198503,0.9992116689682007,647.8762874531835,703.4265273876405,0.9975161552429199,429.25956811797755,704.326793656367,0.9669628143310547,730.4923776919477,953.6585615636704,0.9853298664093018,308.92365987827714,963.8543861189139,0.9745337963104248,810.8394779962548,1279.3043363764045,0.9613223075866699,243.5777299859551,1297.9245669475656,0.9944067001342773,838.9238061797753,1529.0168539325844,0.9990163445472717,243.12631671348322,1554.394458099251,0.537114143371582,672.2685510299625,1514.3068235018727,0.6160382032394409,418.3420382724719,1534.0064665262173,0.29782819747924805,674.4561241807116,1901.1524169007491,0.33507996797561646,422.94234257958806,1945.4626053370787,0.02859911322593689,819.3707572565543,1572.011645599251,0.012881278991699219,295.16978288857683,1468.528206928839
137,0.7447239616337944,0.9999334812164307,527.3451398642322,711.7905108848315,0.9999828338623047,575.8311388108615,670.0588863529963,0.9997754096984863,482.27667076310865,666.4364612593633,0.9991838932037354,649.6501931179776,702.4465268024345,0.9972827434539795,431.1987944756554,704.3011177434457,0.967866063117981,725.617026568352,952.840004681648,0.9872280955314636,313.1391180945693,960.0588863529963,0.9520007967948914,813.0448267790262,1275.9571044007491,0.9642707109451294,241.7056560159176,1299.046260533708,0.9939312934875488,827.9030606273409,1519.0562090355807,0.9989691972732544,244.62737008426973,1555.592813670412,0.6184248924255371,663.9853259597378,1542.8533181179776,0.6566665172576904,432.54176907771534,1526.1527095037454,0.19876053929328918,676.7813670411986,1906.9753628277153,0.2893489599227905,421.09097027153564,1945.0381846910113,0.0233021080493927,819.7335849719102,1571.5816654962548,0.013379812240600586,299.2921202013109,1466.6125351123596
138,0.7419507538571077,0.9999302625656128,528.5611979166667,711.4260738529963,0.999984622001648,576.715238764045,669.9542076310862,0.9997826814651489,483.3670558286517,666.0151129447565,0.9990741014480591,649.6563377808989,702.7580026919476,0.9969139099121094,433.88269545880155,703.3132168773409,0.9715678691864014,727.6800971441949,952.77109667603,0.9822216033935547,317.6060685861423,958.677507607678,0.971569299697876,811.4963717228466,1276.082192181648,0.9710060358047485,241.87170821629218,1298.9412160580525,0.9937112331390381,838.1977118445693,1528.9554073033707,0.9990586638450623,245.21367333801504,1555.7910522003747,0.6271157264709473,677.85938963015,1569.8738881086142,0.5821067094802856,426.6027329119851,1523.2506729868915,0.1632036566734314,672.8322507022472,1907.7634889981275,0.32537296414375305,421.1254974250936,1944.4949672284645,0.021600574254989624,820.3953066479401,1566.3335381554307,0.008942902088165283,296.9294973080524,1465.0696395131088
139,0.7618140928885516,0.9999265670776367,528.5710732677903,711.4635270365169,0.9999847412109375,576.9230600421349,669.926410346442,0.9997833967208862,483.6120376872659,665.8252136001873,0.998981237411499,649.7177844101125,703.354766502809,0.996910572052002,433.11234492041206,704.7956899578652,0.9731230735778809,728.1296084971912,954.0081489934457,0.9813880920410156,316.7780752574906,959.7945926966293,0.9647555351257324,836.2301029962548,1241.67734667603,0.962783932685852,240.87532186329588,1296.8167720037454,0.9944463968276978,830.0213600187267,1516.9861891385767,0.9991259574890137,246.08072916666674,1555.5105922284645,0.5682008266448975,674.4291315543071,1561.6450140449438,0.6042264103889465,420.61329588014985,1515.8741514513108,0.23388108611106873,669.338058871723,1902.576954588015,0.6401609182357788,420.16415028089887,1935.7464302434457,0.02312767505645752,821.6709094101125,1568.4079470973784,0.01003316044807434,293.1842521067416,1497.8811154026218
140,0.7577065264477449,0.9999262094497681,529.0932964653558,711.1565133426966,0.9999849796295166,577.3642322097379,669.795470505618,0.9997786283493042,484.07252165262173,665.6035668305244,0.9990594387054443,629.656410931648,703.6068439840824,0.9972036480903625,432.5454266151686,703.7942562031835,0.9774518013000488,735.0501082631085,953.53749707397,0.9793339967727661,319.5007461376405,958.9783034878277,0.9638825058937073,836.5055887172284,1237.0218867041199,0.9607260227203369,239.4345447097379,1298.8070575842696,0.9933705925941467,842.3408239700375,1530.5313670411986,0.9990228414535522,244.6185919943821,1555.0076076779026,0.6004930138587952,667.9266883192884,1503.9600889513108,0.6376239061355591,422.9308579119851,1519.0769838483147,0.2269248366355896,425.20021360018734,1893.4745142790264,0.5055915713310242,417.49729342228466,1940.1404494382023,0.028991371393203735,820.5423396535582,1570.8390390917602,0.011645585298538208,487.41499882958806,1927.02656835206
141,0.7645561484729543,0.9999264478683472,529.5113529962547,710.7631817649813,0.9999847412109375,577.6175532537453,669.3211610486892,0.9997837543487549,484.5114261470038,665.2870435393259,0.9991564750671387,629.9364319990636,703.8325140449439,0.9976516962051392,432.39576018258435,702.6373771067416,0.9769141674041748,730.5185656601125,952.5811973314607,0.9802554845809937,314.9848577949439,958.4740022237828,0.9598095417022705,836.3022296348315,1237.5699321161048,0.9500684142112732,228.31365578183522,1299.480629681648,0.9930410385131836,831.4319990636704,1519.0998068820224,0.9989162683486938,243.48343867041206,1551.924449906367,0.6934282183647156,676.0824847846443,1505.6037862827716,0.6439387202262878,418.85233789794006,1520.1410346441949,0.2703179121017456,668.9397530430713,1900.988998127341,0.49745309352874756,418.0609199438203,1941.1369089419477,0.023937523365020752,822.1340999531835,1571.0404962546818,0.012871026992797852,296.3248332162922,1469.61405664794
142,0.7435277121908525,0.9999256730079651,529.7133222144195,710.7252165262173,0.9999843239784241,577.52187207397,669.4076983848315,0.9997774958610535,484.52751931179773,665.1910697565544,0.9990941286087036,630.2661955758426,703.7590706928839,0.9977455139160156,432.5792954119851,702.393199906367,0.979746401309967,733.5450316011236,951.7720037453183,0.981408953666687,315.28411750936334,958.929146184457,0.9662437438964844,815.3419066011236,1269.1059515449438,0.9466053247451782,237.527504681648,1299.3098958333335,0.9937123656272888,831.4944698033707,1519.1704705056181,0.9989644885063171,243.99966350655438,1552.2116397471912,0.5650780200958252,665.7770804073034,1550.8286516853934,0.5973721742630005,414.8700842696629,1524.1704705056181,0.2495509684085846,670.1452773876406,1897.0878686797753,0.3264850378036499,406.9518814372659,1907.684925093633,0.023308902978897095,821.3850362827716,1572.6022647471912,0.014967590570449829,296.2838687968165,1467.5143375468165
143,0.7398058649371652,0.9999183416366577,531.6508661048689,710.3266912453183,0.9999874830245972,579.2568615402622,669.6398788623595,0.9997599124908447,486.0278411750936,665.3926732209738,0.9992897510528564,632.0942327949438,702.0263488998128,0.9978162050247192,434.1268726591761,703.0959591526217,0.9770011901855469,727.7979430009364,952.4847846441947,0.9846170544624329,315.34307701310865,958.615548923221,0.9717418551445007,838.9881788389514,1239.034849016854,0.9596529006958008,241.13032537453182,1302.0517322097378,0.9957071542739868,831.0969686329588,1520.949057818352,0.998762845993042,244.9106829353933,1553.5229400749065,0.5085908770561218,678.444303019663,1499.4664384363296,0.5894209742546082,429.2687851123595,1544.0203651685395,0.23071712255477905,420.76508368445695,1907.85624414794,0.32759547233581543,403.1029084737828,1938.7502926029963,0.024129629135131836,821.1622191011236,1574.141649110487,0.011990934610366821,480.5011557818352,1937.2765976123596
144,0.7441787000964669,0.9999167919158936,531.9248156601124,710.2904816245318,0.9999876618385315,579.6755032771536,669.6632871020599,0.9997700452804565,486.8121635065544,665.2097963483146,0.9993711709976196,633.2188524110488,702.7672196863297,0.9976419806480408,435.65938085205994,699.8902738764045,0.9659444093704224,716.8231361189139,951.2412950608615,0.9850483536720276,315.2855805243446,958.1808140215356,0.9690799713134766,813.927902621723,1268.281103698502,0.9598343372344971,243.29449028558054,1301.014454588015,0.9947555065155029,831.4461903089889,1520.53517088015,0.9989756345748901,245.79880617977528,1553.967111423221,0.538802981376648,670.5048133192884,1511.7698092228466,0.6568630933761597,431.44736072097385,1532.227732911985,0.15215104818344116,642.968603698502,1950.0392088014983,0.3976690173149109,393.2671319054307,1897.2458742977528,0.026982814073562622,823.0402914325844,1573.526012406367,0.008243083953857422,301.6941713483146,1463.4543246722847
145,0.7758834747707143,0.9999148845672607,532.3477732911986,709.4204266151686,0.9999861717224121,579.7635036282771,668.8404874765918,0.9997647404670715,486.32863705524346,664.0916139981274,0.9994243383407593,633.7182525749065,703.7726767322098,0.9974234104156494,436.1772881554307,701.2687997425094,0.9621990919113159,717.5111189138577,951.4676966292135,0.986775279045105,313.7641180945693,958.7772852294008,0.9656574726104736,816.0074321161048,1268.5817532771537,0.9679352045059204,244.51735135767797,1298.6010650749065,0.9950839281082153,832.1433169475656,1520.3103054775281,0.9988599419593811,246.9809954353933,1554.5297869850187,0.677422046661377,665.9825608614233,1520.3420529026218,0.6891308426856995,416.14100538389516,1520.3903323970037,0.2872108817100525,431.7943878745318,1887.5087780898878,0.6214777231216431,380.7533795646068,1882.181647940075,0.03171226382255554,822.2986891385767,1572.8506846910113,0.010040849447250366,302.4091467696629,1463.9300971441949
146,0.7508647038656122,0.9999200105667114,528.1034205290263,709.7561885533709,0.9999814033508301,577.0074760065544,668.1764249765918,0.9997432231903076,484.12438553370794,662.711405664794,0.9993146657943726,631.9229868913858,703.4249912219101,0.9979133605957031,433.1489202949439,698.7783093398876,0.9720779657363892,728.1252194522472,953.8311241807116,0.9821064472198486,313.94699496722853,960.582426264045,0.943437397480011,814.2234316479401,1276.2861364700375,0.9415932893753052,230.48045411985026,1300.7360428370787,0.9961137175559998,830.4473899812735,1522.1077656835207,0.9990139603614807,245.7854195926966,1556.3190543071162,0.5816662907600403,670.8018053604869,1519.256788389513,0.6458079218864441,430.36063319288394,1527.6834620786517,0.1781374216079712,391.91428195224717,1843.4598841292136,0.48302605748176575,429.91338951310865,1934.7527504681648,0.03206413984298706,822.5498888108614,1574.0620610955057,0.012782692909240723,441.8736101357679,1915.2116982677903
147,0.7758039551622727,0.9999197721481323,524.887347846442,709.2975333567416,0.9999703168869019,573.8739905196629,667.3327773876405,0.9997400045394897,481.8167720037453,662.7747542134832,0.9991841316223145,630.8857824204119,702.9634099953183,0.9972081184387207,433.4211873829588,699.1529874765918,0.9684401750564575,719.6970827481273,954.6789413623596,0.9807978868484497,311.76015332397003,960.2215736189139,0.9730554819107056,809.8411165730338,1277.9548513576779,0.9414752721786499,233.35505910580525,1305.1467404026218,0.9930920600891113,839.898759363296,1529.256788389513,0.9991448521614075,246.67090941011236,1554.6795997191011,0.7138776779174805,670.4174713249065,1514.9465999531835,0.6243658661842346,415.07183403558054,1530.9645657771537,0.35463982820510864,392.0939401919476,1842.1880852059926,0.607356071472168,441.4442883895132,1925.3568293539327,0.022379010915756226,820.8520599250937,1566.6179482677903,0.014020711183547974,486.2724572799626,1928.9742801966293
148,0.7511581042233635,0.9999194741249084,524.4857502340824,708.500702247191,0.9999668598175049,573.3866602294008,666.8962137172285,0.9997467994689941,481.64457514044943,662.4852235486892,0.9991341233253479,631.339536516854,703.0971295646068,0.9969468116760254,433.18732443820227,700.4731390449439,0.9613254070281982,713.2944902855807,957.3710352294008,0.9855427742004395,315.560627340824,959.1733965355805,0.9678798913955688,815.1047518726591,1271.3352937734082,0.9475277066230774,228.03092813670412,1296.8199906367042,0.9908732175827026,841.5209503745318,1529.7406074438202,0.9987746477127075,247.33628862359558,1554.340472846442,0.6173769235610962,669.7370230571162,1520.7910522003747,0.5889447331428528,410.2471032303371,1528.181033473783,0.14905178546905518,388.5419592696629,1853.8595798220974,0.5311121344566345,423.40984901685397,1933.5596617509364,0.024430066347122192,822.1106917134832,1570.4391970973784,0.011134415864944458,293.9273174157304,1465.453680945693
149,0.7567603114773246,0.9999151229858398,523.5602469569288,708.4865110018727,0.999964714050293,572.458523525281,666.4504330524345,0.999743640422821,480.43466175093636,662.3643785112359,0.9989945888519287,651.7282595973784,702.5075345271536,0.9966683983802795,433.14921289794006,700.9095564138577,0.9568955302238464,714.8355571161048,953.7892088014981,0.9869850873947144,314.4819463951311,959.6626287453183,0.9755719900131226,812.5241397471912,1264.6695049157304,0.9473286271095276,227.20366631554305,1295.5922284644196,0.9946847558021545,832.9909878277153,1522.5946570692884,0.9990833401679993,246.31744499063677,1553.8799157303372,0.6435233354568481,665.8353084035582,1619.3707572565543,0.582994818687439,407.02781191479403,1520.8908298220974,0.20952418446540833,431.277577832397,1935.9215531367042,0.5366696119308472,399.46665788857683,1924.295558286517,0.025622665882110596,820.7607677902622,1577.1901334269664,0.010754883289337158,297.43548103932585,1464.373829588015
150,0.7515670990242678,0.999908447265625,522.144926264045,709.704617275281,0.9999678730964661,572.240314840824,667.2764513108615,0.9997173547744751,478.836171582397,663.2301176264045,0.9989122748374939,649.5334445224719,704.0492597144195,0.9954153299331665,434.7527504681648,695.4081080290263,0.9688359498977661,721.5106361189139,952.8370786516854,0.9858347773551941,315.4415379213483,960.2818498361423,0.9795922040939331,813.1773759363296,1270.3325433052435,0.9498211145401001,230.45858204588012,1297.081724016854,0.9955395460128784,832.0997191011236,1519.6580933988764,0.9988069534301758,245.79968398876406,1554.6630676498128,0.6475262641906738,669.5389308286517,1616.159293071161,0.6084983348846436,439.187734082397,1512.3143433988764,0.1836024820804596,678.8756729868915,1910.406718164794,0.4171760678291321,429.08503043071164,1939.5912336142324,0.039356499910354614,818.9713541666667,1585.6274871254682,0.008129209280014038,737.6103113295881,1720.1877048220974
151,0.747755485422471,0.9999121427536011,521.825550093633,710.0014630149813,0.9999663233757019,571.9129652387641,667.2782069288389,0.9997251033782959,478.48855922284645,663.4929482677903,0.9990540742874146,649.188831343633,702.8603405898876,0.9953339099884033,434.62780898876406,695.7871020599251,0.9712469577789307,721.783049508427,952.5719071863297,0.9856075048446655,312.7794358614233,959.2383544007491,0.9666850566864014,813.1064197097378,1264.8038096910113,0.9523348808288574,223.3494264981274,1307.0078417602997,0.9949396848678589,832.4960498595506,1518.8731858614233,0.9988771080970764,245.97765976123594,1555.2545646067417,0.7191082239151001,679.1040496254682,1519.742655664794,0.6108795404434204,412.413828417603,1521.5022237827716,0.19077736139297485,676.7998010299625,1909.9703007958801,0.27217596769332886,430.26297694288394,1943.8238822565543,0.04781836271286011,820.5471676029963,1579.5287628745318,0.0074010491371154785,827.070166198502,1582.4972202715355
152,0.7535341136595782,0.9999146461486816,522.6009480337079,710.180389747191,0.9999676942825317,572.4795177902622,667.3556004213483,0.9997336268424988,479.54295411985026,663.7066216058053,0.9990571737289429,649.8256817649813,702.2649666432585,0.9958814382553101,434.5348343867041,697.2250994850187,0.9742467403411865,730.3257402855807,954.4605863764045,0.983668327331543,309.3646857443821,961.885314255618,0.9596717357635498,814.6133251404494,1268.3505969101125,0.9632744789123535,227.2463863529963,1298.967257724719,0.992013692855835,832.2155898876406,1518.7017205056181,0.998875081539154,246.6553283005618,1556.1676322565543,0.6465314030647278,674.7622600655432,1516.7545938670412,0.6405959129333496,399.3337429775281,1507.4362125468165,0.23613622784614563,679.9262640449438,1907.4177785580525,0.36716288328170776,436.1677054073034,1937.1642380617977,0.04649072885513306,817.8119147940076,1579.5524637172284,0.006858140230178833,295.64687207397003,1465.0340882490636
153,0.7674852820003734,0.9999162554740906,521.4901539091761,709.5559749531835,0.9999639987945557,569.0747161750936,666.8333772237828,0.999739408493042,477.3280957397004,664.6624092930712,0.9992914199829102,648.2161458333333,701.7971676029963,0.9970251321792603,429.68157478932585,702.1924742509364,0.961571455001831,726.2065484550562,952.5781981507491,0.9881654977798462,316.53865285580525,959.7204909878277,0.976510763168335,815.646652621723,1273.5207455524344,0.965527355670929,225.3265449438203,1300.866251170412,0.9941962957382202,835.1356214887642,1522.0107677902622,0.9989088773727417,247.05546289794006,1556.4698911516855,0.5963026881217957,670.9215531367042,1515.6233906835207,0.6736756563186646,410.70714829119856,1513.5475187265918,0.3914884030818939,671.3560685861423,1898.3425503277153,0.423866868019104,400.04367099719104,1942.5253101591761,0.06882655620574951,817.7914325842696,1583.0442415730338,0.012273162603378296,296.0002633426966,1466.733819054307
